3.805254243757462518e+03 7.271430909727859548e-01 -2.099378750075090647e+04 -1.926058608644746641e+02 -2.117285106665182866e+03 -2.269572646111264747e-01 3.160931994792716523e+03 9.406416431032046603e+03 -3.525916073739766034e+03 -3.049833412279066124e+03 -5.244576216082683828e+01 6.087852087676158135e+02 1.953397784227565523e+02 -4.775655779935393141e+00 1.169644991513991044e+04 1.288914395953240444e+02 -5.836904495991063868e+00 9.325668304137735745e-06 6.731350706195041766e+02 2.184872114592977596e+03 1.953977139714876854e+00 9.810874506902470671e+01 -1.291921677846396790e+02 -6.571043719610704381e-02 -4.766685136587452121e+02 -1.749481844818502907e+01 -3.097911182711428624e-01 -3.257280937117731128e+02 -4.872408401495761865e+01 1.001355316656651121e+04 -1.913512363673605137e+02 7.848080317979546194e+00 4.754118433602264417e+02 -3.291449977399747127e+02 7.406514365757990163e+03 6.485281304912762153e+02 5.738688514570386178e+04 7.364375867562450821e+02 1.530139220725913674e+03 5.150789911476913403e+02 4.633250981623564080e+00 5.878618364908368754e+00 2.039837032797430538e+03 7.433531431387461907e+01 -1.390308247847045209e+01 -1.239297429763851568e+02
7.271430909727859548e-01 5.036007547289195890e-02 -6.409500193740681695e+00 -4.480089866123712627e-02 -3.911874219977199973e-01 -1.567638285188392364e-02 9.222110037642210489e-01 2.909240868782297262e+00 -9.540613358613773132e-01 -4.607691277956143527e-01 -3.506116177764839748e+00 2.058988120892745743e-01 -2.842667443373996794e-01 -1.539132864247906443e-03 3.571220984150223376e+00 5.132882067225603279e-02 9.354958744638991117e-03 3.462772122414530240e-09 1.772784931016185284e-01 5.461187043171038535e-01 1.355664840024187190e-01 6.516550116998454989e+00 -5.778725823548792884e-02 -5.507650089571836170e-05 2.362930988548350153e-01 5.590709454554484677e-04 7.491108640476728935e-06 -7.255391866472025997e-02 -3.246377161927341604e+00 3.080189996192538970e+00 -7.552286424247603436e-02 -1.267916818083882589e-02 -2.369056290009096677e-01 -8.292239275200952164e-02 -3.343489660997264856e+00 -2.049769761019153147e-02 1.662011719788804243e+01 2.265144939533925983e-01 4.938155916257969125e-01 -1.480138456810141910e-02 -1.001369118450977380e-04 1.843243693512515479e-03 -1.390565709592661847e-01 1.757617352097826102e-02 -9.641901053302971425e-01 -4.075676064917440472e-02
-2.099378750075090647e+04 -6.409500193740681695e+00 2.728236952966629178e+05 1.623447605383925293e+03 1.072523077078753522e+04 1.955333190140591482e+00 -4.132920051175895787e+04 -1.227126770915888919e+05 4.668586300526163541e+04 9.875450950596767143e+03 4.287570127571372609e+02 -1.660829801916512224e+04 -4.431867724996815923e+03 8.143495699768237728e+01 -1.518169580979165330e+05 3.371163150560866143e+03 1.573859328045666928e+02 -2.638351705541941645e-04 -8.667605844450303266e+03 -1.985603771571692050e+04 -1.571192370083188194e+01 -7.938781329422358795e+02 1.775921702912042520e+03 1.943509422486339844e+00 4.288283694722252335e+02 -2.604250618487405404e+02 -3.844757920576577614e+00 3.077710664331136286e+03 3.982799008561601113e+02 -1.296039652380304760e+05 -4.936553695327006608e+03 -2.123416292343083569e+02 -4.114816510513111325e+02 -6.884219184017862972e+03 -1.285807772074589884e+05 9.505993324821103670e+03 -5.773480425857075024e+05 -1.221334543438386390e+04 -2.809982671801365359e+04 6.759206076586254312e+03 5.066763218159455562e+01 -9.338454970076347195e+01 5.011411071235381678e+04 -7.206564424999227185e+02 1.111153994624469163e+02 1.757476593952532085e+03
-1.926058608644746641e+02 -4.480089866123712627e-02 1.623447605383925293e+03 1.203744307999673779e+01 1.032652541457155024e+02 1.378876070023272483e-02 -2.513640505668865330e+02 -7.240410576351563350e+02 2.796102909286881868e+02 1.290708051146242497e+02 3.112485523753141692e+00 -7.711929810378767058e+01 -2.107002689204830048e+01 4.375626864939607397e-01 -9.059172188637530780e+02 6.895006693189025704e+00 7.036260236383355959e-01 -1.215305661405072892e-06 -5.376834473532731096e+01 -1.410404203070747258e+02 -1.148563731636368379e-01 -5.796421622197435397e+00 9.548577686778292772e+00 7.140086930596560230e-03 1.876208803177053852e+01 -2.817528636167154765e-01 -2.554085368331577253e-03 2.138905653304068011e+01 2.892246178242284138e+00 -7.714805502465026166e+02 -1.001886624950389582e+01 -9.483653529951956429e-01 -1.866088339750318781e+01 -1.238097611498784012e+01 -6.834674082274364082e+02 1.000340123801126779e+01 -3.896592429306534086e+03 -6.706749734460630918e+01 -1.497392416257393393e+02 5.666425061735990809e+00 1.920975388864701663e-02 -5.179118373997584346e-01 9.407083341567238222e+01 -4.958809286383137227e+00 8.160996781542668721e-01 1.045352525108454600e+01
-2.117285106665182866e+03 -3.911874219977199973e-01 1.072523077078753522e+04 1.032652541457155024e+02 1.184780952837452787e+03 1.223897208374958023e-01 -1.594286678514274399e+03 -4.819082276486848968e+03 1.787969285629645810e+03 1.739563521909472229e+03 2.840735094940555783e+01 -2.574847078041572672e+02 -9.074654789267212607e+01 2.336373601495016050e+00 -5.970884774728790944e+03 -9.407029816079609930e+01 2.589959849000339265e+00 -3.890121875402432210e-06 -3.393715207752720175e+02 -1.163447603635675478e+03 -1.060153159716247240e+00 -5.318493776845448906e+01 6.854124671311339512e+01 3.102773898011842654e-02 2.721056727554593522e+02 1.168860848835271149e+01 2.028512045030858579e-01 1.726438276341827134e+02 2.639107559707174744e+01 -5.124226665059512925e+03 1.392872936307500140e+02 -3.478712093456728827e+00 -2.714637083534043427e+02 2.395405130480207845e+02 -3.606170660452173252e+03 -4.325149229378275777e+02 -3.021245390220044646e+04 -3.601555808519598258e+02 -7.269570233054789696e+02 -3.394996967354477420e+02 -3.000124840647708790e+00 -2.903836926987604095e+00 -1.465082227400443571e+03 -3.937357641009030118e+01 7.545308467233035721e+00 6.071756418362225105e+01
-2.269572646111264747e-01 -1.567638285188392364e-02 1.955333190140591482e+00 1.378876070023272483e-02 1.223897208374958023e-01 5.160327640216415615e-03 -2.921800165056631648e-01 -8.775090243800158785e-01 2.876121703017056608e-01 1.479489117816574495e-01 1.119777981371613773e+00 -6.039875484946957696e-02 8.934473328299781525e-02 4.393394962462309730e-04 -1.091929680362752286e+00 -1.845983419474154369e-02 -2.955544486344409676e-03 -1.009957224936083588e-09 -5.528716651863535558e-02 -1.677609130148404459e-01 -4.688941885546973193e-02 -2.069080011243242367e+00 1.510913543825579200e-02 1.507439208611675621e-05 -6.779922662261732291e-02 6.972942629065561671e-05 1.515733214674803772e-06 2.239884741067576027e-02 1.028104188795427421e+00 -9.351914273261211497e-01 2.715213792233821255e-02 4.004937789277341481e-03 6.797980321910881973e-02 2.339061355069267309e-02 1.103716608486815964e+00 -2.586504687734792179e-03 -5.178041959710964370e+00 -6.557668085258089308e-02 -1.469653782480424831e-01 -2.130158844092607060e-03 -2.322633987394464924e-05 -5.390536174245593457e-04 2.341543785883686436e-03 -5.305067036816064202e-03 3.342288924899337599e-01 1.395769393225940527e-02
3.160931994792716523e+03 9.222110037642210489e-01 -4.132920051175895787e+04 -2.513640505668865330e+02 -1.594286678514274399e+03 -2.921800165056631648e-01 8.665173141645422220e+03 1.646420386252300159e+04 -7.615828180288249314e+03 -1.597307375953554129e+03 -6.394877189883321478e+01 3.129491908746303579e+03 3.490466134957117674e+02 -9.367848645971864840e+00 2.361158363104760792e+04 -3.726513653259969487e+02 -1.290759241552320269e+01 4.874728971618476451e-05 1.785832095639076215e+03 3.173680698641377148e+03 2.394774754038440090e+00 1.183807975446155893e+02 2.064714428649947138e+02 8.317722987312933802e-02 -5.997748998581053002e+02 3.041701817119173512e+01 4.234578050356265222e-01 -5.380242180458153598e+02 -5.920257322669172595e+01 1.870548269318132225e+04 5.435803014430136955e+02 1.738515228882879882e+01 5.987023843989427405e+02 2.748674230975444516e+03 1.653216240591773021e+04 -1.099092778809284255e+03 9.432428437011803908e+04 1.623320322083785186e+03 4.701936092400698726e+03 -7.235211627716387284e+02 -4.990893165343127436e+00 1.237021627136037338e+01 -6.282564878466201662e+03 9.966343389484970317e+01 -1.692527271070033379e+01 -5.504486702565791347e+02
9.406416431032046603e+03 2.909240868782297262e+00 -1.227126770915888919e+05 -7.240410576351563350e+02 -4.819082276486848968e+03 -8.775090243800158785e-01 1.646420386252300159e+04 5.707847608488218975e+04 -2.053499549947406558e+04 -4.287605918089737315e+03 -1.924207945529368544e+02 6.950126048056798027e+03 2.281648640782800157e+03 -3.933837013583979569e+01 6.774621294192159257e+04 -1.654219912986945246e+03 -8.064540306763323940e+01 1.113045543788359997e-04 3.482329455609757588e+03 8.764526578413004245e+03 7.001122550834133484e+00 3.562723956312615883e+02 -1.222018653327720131e+03 -1.206435808984324565e+00 3.076466153238811785e+02 1.266951585455304041e+02 1.893228323547669456e+00 -1.319116566475811169e+03 -1.789294353652474001e+02 5.912117633690148796e+04 2.424319931383844960e+03 1.088316892331938988e+02 -3.168624420470256382e+02 1.601922096916752253e+03 6.051960444140664185e+04 -4.634883259426372206e+03 2.529838039685256081e+05 5.706533692046520628e+03 1.227158611159730026e+04 -3.349174088235115050e+03 -2.549589395583240758e+01 4.364753634884467459e+01 -2.399473265330386130e+04 3.324387908713960655e+02 -4.952305894451558999e+01 -5.376514092090260419e+02
-3.525916073739766034e+03 -9.540613358613773132e-01 4.668586300526163541e+04 2.796102909286881868e+02 1.787969285629645810e+03 2.876121703017056608e-01 -7.615828180288249314e+03 -2.053499549947406558e+04 8.203681582244951642e+03 1.608706011772454303e+03 6.317596857033782953e+01 -3.015732238504079305e+03 -6.895038015364669945e+02 1.360989999325314592e+01 -2.614231109510681563e+04 5.766530533664957829e+02 2.469569805110555905e+01 -4.779727285706639200e-05 -1.601452629560223613e+03 -3.428594738821655028e+03 -2.250447539869335323e+00 -1.170347677242102264e+02 2.197168753622473218e+02 2.457796071564227747e-01 1.546054798292249757e+02 -4.562959412876811882e+01 -6.670823538794083962e-01 5.433105743267890375e+02 5.881233907337394839e+01 -2.200994686758906755e+04 -8.442650567561358912e+02 -3.331247125640808093e+01 -1.518399230242157785e+02 -1.526633529427261010e+03 -2.150364926790812024e+04 1.664508704470274097e+03 -9.914752989239472663e+04 -2.087556729436947080e+03 -4.994473141576923808e+03 1.179386264627511764e+03 8.758662105079512372e+00 -1.589928681135021904e+01 8.863093752881250111e+03 -1.223116881699838387e+02 1.591170393599219146e+01 3.570580996072971516e+02
-3.049833412279066124e+03 -4.607691277956143527e-01 9.875450950596767143e+03 1.290708051146242497e+02 1.739563521909472229e+03 1.479489117816574495e-01 -1.597307375953554129e+03 -4.287605918089737315e+03 1.608706011772454303e+03 2.802740406383399204e+03 3.530410491924197913e+01 9.776011247117986613e+01 1.153837656177839932e+01 1.123973836239429813e+00 -5.529235283043944037e+03 -3.244846718780012225e+02 -1.580248618470065036e+00 1.997453127294716482e-06 -3.469456812865167876e+02 -1.459402855757395855e+03 -1.344757175429249330e+00 -6.642963170442729393e+01 2.034087613343571022e+01 -4.396773735438911507e-02 5.489314903037716249e+02 3.374004704492210038e+01 5.565016932372115477e-01 2.080407334700219621e+02 3.275645125025258153e+01 -4.670560742580666556e+03 4.782454652788892417e+02 2.162334727932954337e+00 -5.485274005666436778e+02 5.742346686995558684e+02 -1.831576285837741125e+03 -1.243544996100424669e+03 -3.604440539977467415e+04 -2.057678990169397366e+02 -3.601689360115395857e+02 -9.491428656195319036e+02 -7.997250586490539881e+00 -1.830932417308854809e+00 -5.005029341864427806e+03 -4.448552918984844951e+01 9.599692766079222395e+00 6.830154979371560842e+01
-5.244576216082683828e+01 -3.506116177764839748e+00 4.287570127571372609e+02 3.112485523753141692e+00 2.840735094940555783e+01 1.119777981371613773e+00 -6.394877189883321478e+01 -1.924207945529368544e+02 6.317596857033782953e+01 3.530410491924197913e+01 2.471128416065452029e+02 -1.240074792054018360e+01 2.049630181080581792e+01 9.499357032806887702e-02 -2.394428902384397588e+02 -4.790732953779452963e+00 -6.792762062536633616e-01 -2.083780784131449058e-07 -1.221544580746775210e+01 -3.807764904915612902e+01 -9.909080471703106241e+00 -4.580819832787400401e+02 3.311243694076729582e+00 3.149615738884019214e-03 -1.477617740465326612e+01 7.471737701656916419e-02 1.282993663230350915e-03 5.035507852065874701e+00 2.279329263882719090e+02 -2.051544745450599407e+02 7.047406475529863989e+00 9.204794665020376021e-01 1.481573788062243402e+01 6.202944535360525258e+00 2.509422197900367166e+02 -2.753797221425136499e+00 -1.157599046390144622e+03 -1.422886326997095097e+01 -3.163022865219920021e+01 -2.117347968331828145e+00 -1.861216347714250360e-02 -1.170937400641276493e-01 -9.015093517157039216e+00 -1.187578417059778513e+00 7.051483308155252416e+01 3.022892898196708700e+00
6.087852087676158135e+02 2.058988120892745743e-01 -1.660829801916512224e+04 -7.711929810378767058e+01 -2.574847078041572672e+02 -6.039875484946957696e-02 3.129491908746303579e+03 6.950126048056798027e+03 -3.015732238504079305e+03 9.776011247117986613e+01 -1.240074792054018360e+01 1.437955212729685172e+03 2.349968139428334553e+02 -4.721536241869861428e+00 9.401794634074210990e+03 -3.285146396364921770e+02 -9.075990862683095628e+00 2.270671735369165530e-05 6.323576511077504847e+02 9.958399422091082442e+02 3.978260770651224632e-01 2.266004545875255261e+01 5.794253253888972249e-02 -6.631833710866420761e-02 2.062555976473347030e+01 2.910509437545237077e+01 4.395590398464770954e-01 -1.772379244647290477e+02 -1.158594246449939291e+01 7.648060965961131842e+03 4.813627794765203589e+02 1.224680308097077308e+01 -2.133955342927820453e+01 1.203800085812570387e+03 7.880953754949163340e+03 -1.062387778069473370e+03 3.121955404015325621e+04 7.476285601661468263e+02 2.026192598200004795e+03 -7.550919580553527339e+02 -5.786997854057760904e+00 5.661058449042519314e+00 -5.297029567873178166e+03 3.541231627795455950e+01 -2.747571432143969261e+00 -1.839257434505065874e+02
1.953397784227565523e+02 -2.842667443373996794e-01 -4.431867724996815923e+03 -2.107002689204830048e+01 -9.074654789267212607e+01 8.934473328299781525e-02 3.490466134957117674e+02 2.281648640782800157e+03 -6.895038015364669945e+02 1.153837656177839932e+01 2.049630181080581792e+01 2.349968139428334553e+02 1.295340227066694467e+02 -1.814809414429943590e+00 2.382306489156612315e+03 -1.030185607557731657e+02 -4.587287422783781210e+00 3.873304139032458852e-06 7.572959470328916609e+01 2.489276851445142142e+02 -7.896715800276354891e-01 -3.828419900811933729e+01 -9.366448955136962695e+01 -9.180591444921423760e-02 9.297532254105711047e+01 8.265020122731501218e+00 1.296432008825909032e-01 -3.417065236567435704e+01 1.898838708982806978e+01 2.226082290967766767e+03 1.513418312131663015e+02 6.195606517891931730e+00 -9.346416684188285728e+01 -5.393982281741148910e+01 2.710614227453870171e+03 -3.039581740955126747e+02 7.499606557225787583e+03 2.409021616089684699e+02 4.374133634744104597e+02 -2.281069738241722575e+02 -1.830702162763228724e+00 1.835591798300959976e+00 -1.420733846018921440e+03 1.168416278669743136e+01 5.620806370196689272e+00 8.475823545189093977e+00
-4.775655779935393141e+00 -1.539132864247906443e-03 8.143495699768237728e+01 4.375626864939607397e-01 2.336373601495016050e+00 4.393394962462309730e-04 -9.367848645971864840e+00 -3.933837013583979569e+01 1.360989999325314592e+01 1.123973836239429813e+00 9.499357032806887702e-02 -4.721536241869861428e+00 -1.814809414429943590e+00 3.019266384972534717e-02 -4.464207332879705348e+01 1.508905225078890799e+00 6.491127298736593110e-02 -7.683003029243625567e-08 -2.033881121225491473e+00 -5.329926795343842727e+00 -3.230628796351251580e-03 -1.754057917751450091e-01 1.204727238841029502e+00 1.042176569950320356e-03 -9.140916228053943549e-01 -1.214244554060515402e-01 -1.852221255445565557e-03 7.779677927971792029e-01 8.887658025743354340e-02 -3.995859269624232013e+01 -2.214752564916354860e+00 -8.762839266071870137e-02 9.217231615203619333e-01 -3.431830829895930468e-01 -4.401611899745975620e+01 4.456734638194763676e+00 -1.519188287964942674e+02 -4.225386584980864058e+00 -8.518966562318619040e+00 3.299765424484423892e+00 2.576122538095442990e-02 -3.208912730076404068e-02 2.212440960342177831e+01 -2.189734295232755867e-01 2.280928932112353744e-02 1.526801507063592911e-01
1.169644991513991044e+04 3.571220984150223376e+00 -1.518169580979165330e+05 -9.059172188637530780e+02 -5.970884774728790944e+03 -1.091929680362752286e+00 2.361158363104760792e+04 6.774621294192159257e+04 -2.614231109510681563e+04 -5.529235283043944037e+03 -2.394428902384397588e+02 9.401794634074210990e+03 2.382306489156612315e+03 -4.464207332879705348e+01 8.464982129231130239e+04 -1.844224527080539929e+03 -8.471962220954773670e+01 1.491292353615433666e-04 4.945165898760579694e+03 1.109985369833649384e+04 8.785059216910365620e+00 4.433583543992806995e+02 -8.750302416721498275e+02 -9.810921662401905774e-01 -3.815045192626075163e+02 1.430191903327476268e+02 2.104691117474799977e+00 -1.732374027942059001e+03 -2.223803263960418803e+02 7.189866278483353381e+04 2.700078287397033819e+03 1.142937657836485243e+02 3.722185097326872665e+02 4.250817848829046852e+03 7.079616000053762400e+04 -5.217757345510913183e+03 3.228427839286372764e+05 6.747944741153471114e+03 1.576243978400444757e+04 -3.696166397507312922e+03 -2.759495232070661075e+01 5.159066056189610094e+01 -2.764438028563643820e+04 3.992099162764280322e+02 -6.212706420707700516e+01 -1.048736725461895048e+03
1.288914395953240444e+02 5.132882067225603279e-02 3.371163150560866143e+03 6.895006693189025704e+00 -9.407029816079609930e+01 -1.845983419474154369e-02 -3.726513653259969487e+02 -1.654219912986945246e+03 5.766530533664957829e+02 -3.244846718780012225e+02 -4.790732953779452963e+00 -3.285146396364921770e+02 -1.030185607557731657e+02 1.508905225078890799e+00 -1.844224527080539929e+03 1.531314872687977982e+02 4.079515755818330369e+00 -5.354133413532495825e-06 -7.111871235714554018e+01 -6.767124203945752470e+01 2.060294737725364422e-01 9.139029283269058723e+00 5.891235479579214029e+01 7.007790178729060571e-02 -1.455738070037712930e+02 -1.386782832689165090e+01 -2.175134837311535063e-01 1.724632184270371127e+01 -4.404363507281806811e+00 -1.655443019715319451e+03 -2.249865984183091712e+02 -5.511914130529233624e+00 1.459248360262615734e+02 -1.822485547000568999e+02 -2.264916065903895287e+03 5.091270588308059359e+02 -3.077733449245950396e+03 -2.040306947622202074e+02 -4.429491779609556943e+02 3.773607923348484974e+02 3.021713668258726226e+00 -1.530312700642399326e+00 2.364062312050816672e+03 -6.315590180126105402e+00 -1.489511713725099273e+00 7.019679234694715220e+00
-5.836904495991063868e+00 9.354958744638991117e-03 1.573859328045666928e+02 7.036260236383355959e-01 2.589959849000339265e+00 -2.955544486344409676e-03 -1.290759241552320269e+01 -8.064540306763323940e+01 2.469569805110555905e+01 -1.580248618470065036e+00 -6.792762062536633616e-01 -9.075990862683095628e+00 -4.587287422783781210e+00 6.491127298736593110e-02 -8.471962220954773670e+01 4.079515755818330369e+00 1.836513700142815841e-01 -1.494565844132986748e-07 -2.728045095306909307e+00 -8.279878023876289461e+00 2.638571540252448652e-02 1.269225662332280180e+00 3.245271823362083641e+00 3.171143514362914639e-03 -3.224630119486409097e+00 -3.259324030376829495e-01 -5.081983193793358951e-03 1.181929823345867492e+00 -6.288900695843335775e-01 -7.883782896175519284e+01 -5.991778417643918608e+00 -2.480835617998238540e-01 3.241604125334503372e+00 7.874971215787124335e-01 -9.681453238654070503e+01 1.197679773580689577e+01 -2.520091785794327279e+02 -8.622230025624201488e+00 -1.598143311963870694e+01 8.934866220193342201e+00 7.123190452140669426e-02 -6.563921843427907021e-02 5.679561496213040783e+01 -4.038709768291195434e-01 -1.879508833582419769e-01 -2.363471330457066477e-01
9.325668304137735745e-06 3.462772122414530240e-09 -2.638351705541941645e-04 -1.215305661405072892e-06 -3.890121875402432210e-06 -1.009957224936083588e-09 4.874728971618476451e-05 1.113045543788359997e-04 -4.779727285706639200e-05 1.997453127294716482e-06 -2.083780784131449058e-07 2.270671735369165530e-05 3.873304139032458852e-06 -7.683003029243625567e-08 1.491292353615433666e-04 -5.354133413532495825e-06 -1.494565844132986748e-07 3.594080561747666703e-13 9.877635077759309306e-06 1.566910322687018245e-05 6.679658285451388098e-09 3.811835540475751447e-07 -1.973038903304251993e-07 -1.126727461413296137e-09 7.372340063196868750e-07 4.738942906541974940e-07 7.161856118860603377e-09 -2.776605663562685386e-06 -1.948138081953567193e-07 1.219294809374191798e-04 7.846427823420693083e-06 2.016829131148769067e-07 -7.495374121906903660e-07 1.845388005208447427e-05 1.268615882793579024e-04 -1.730421752462501364e-05 4.896326604859381221e-04 1.206896748600849996e-05 3.217953888424947745e-05 -1.233286165493601220e-05 -9.463071924902979934e-08 9.119551921835152177e-08 -8.636055640016497548e-05 5.671813074128252274e-07 -4.619760633177354892e-08 -2.789641133935749449e-06
6.731350706195041766e+02 1.772784931016185284e-01 -8.667605844450303266e+03 -5.376834473532731096e+01 -3.393715207752720175e+02 -5.528716651863535558e-02 1.785832095639076215e+03 3.482329455609757588e+03 -1.601452629560223613e+03 -3.469456812865167876e+02 -1.221544580746775210e+01 6.323576511077504847e+02 7.572959470328916609e+01 -2.033881121225491473e+00 4.945165898760579694e+03 -7.111871235714554018e+01 -2.728045095306909307e+00 9.877635077759309306e-06 3.746252792725570657e+02 6.836732860647578036e+02 4.463772839451450314e-01 2.265743778320163671e+01 3.646846193260418545e+01 1.931210899140671511e-02 -1.223140595581032528e+02 5.608972291431848056e+00 7.578675012595666172e-02 -1.132450940155891885e+02 -1.133731488614800753e+01 3.941575120413940567e+03 1.037302974424476218e+02 3.674284393801727333e+00 1.220430993090552221e+02 5.167863441295481834e+02 3.500859661074269297e+03 -2.026606506211342662e+02 2.001093763454487271e+04 3.509407245597402039e+02 9.891068260690369698e+02 -1.338950270715868953e+02 -8.987974956470322629e-01 2.652809030290808945e+00 -1.198030910997440060e+03 2.139933263756717352e+01 -3.162867605917031533e+00 -1.095109080897076410e+02
2.184872114592977596e+03 5.461187043171038535e-01 -1.985603771571692050e+04 -1.410404203070747258e+02 -1.163447603635675478e+03 -1.677609130148404459e-01 3.173680698641377148e+03 8.764526578413004245e+03 -3.428594738821655028e+03 -1.459402855757395855e+03 -3.807764904915612902e+01 9.958399422091082442e+02 2.489276851445142142e+02 -5.329926795343842727e+00 1.109985369833649384e+04 -6.767124203945752470e+01 -8.279878023876289461e+00 1.566910322687018245e-05 6.836732860647578036e+02 1.759361051874573150e+03 1.396093670908758577e+00 7.097724258800798225e+01 -9.269709029195199435e+01 -7.124257813422421592e-02 -2.690859950361171400e+02 1.842749121946331448e+00 4.330397187168023854e-03 -2.587728352399843743e+02 -3.540323286233194011e+01 9.389763634054917929e+03 9.793544588843613496e+01 1.115825829870077612e+01 2.679417400634081901e+02 2.655707441347544204e+02 8.339283665800632662e+03 -6.285549152340642109e+01 4.833353624425122689e+04 8.286784119901568602e+02 1.908859350388349185e+03 -2.175195492145898157e+01 1.723885965640594153e-01 6.369221406778762251e+00 -9.048503885355416969e+02 5.782740406249669718e+01 -9.915261076415653463e+00 -1.407959427529829668e+02
1.953977139714876854e+00 1.355664840024187190e-01 -1.571192370083188194e+01 -1.148563731636368379e-01 -1.060153159716247240e+00 -4.688941885546973193e-02 2.394774754038440090e+00 7.001122550834133484e+00 -2.250447539869335323e+00 -1.344757175429249330e+00 -9.909080471703106241e+00 3.978260770651224632e-01 -7.896715800276354891e-01 -3.230628796351251580e-03 8.785059216910365620e+00 2.060294737725364422e-01 2.638571540252448652e-02 6.679658285451388098e-09 4.463772839451450314e-01 1.396093670908758577e+00 4.453892497526597549e-01 1.820813632605294075e+01 -1.089791275891816430e-01 -1.095788111932801372e-04 5.246174509132955910e-01 -5.061156015191397434e-03 -8.177727073211722578e-05 -1.836504824043612427e-01 -9.025900324439206202e+00 7.496944961372077998e+00 -3.028291942499369838e-01 -3.574467731601264908e-02 -5.260610058207508821e-01 -2.775342076207997222e-01 -1.046755308991125233e+01 1.855704884133303201e-01 4.354913019289361387e+01 4.884944651391795456e-01 1.105021774760837294e+00 1.366840075318538628e-01 1.127272236628098752e-03 4.088015517280934631e-03 7.706560746921937710e-01 4.287602475762979093e-02 -3.180496952810520472e+00 -1.199174472398980840e-01
9.810874506902470671e+01 6.516550116998454989e+00 -7.938781329422358795e+02 -5.796421622197435397e+00 -5.318493776845448906e+01 -2.069080011243242367e+00 1.183807975446155893e+02 3.562723956312615883e+02 -1.170347677242102264e+02 -6.642963170442729393e+01 -4.580819832787400401e+02 2.266004545875255261e+01 -3.828419900811933729e+01 -1.754057917751450091e-01 4.433583543992806995e+02 9.139029283269058723e+00 1.269225662332280180e+00 3.811835540475751447e-07 2.265743778320163671e+01 7.097724258800798225e+01 1.820813632605294075e+01 8.497027590863953037e+02 -6.127816191633681520e+00 -5.765277496714994732e-03 2.734305072703876860e+01 -1.597286332423913102e-01 -2.724761452570897014e-03 -9.370960443917999427e+00 -4.229110934107486059e+02 3.798924347813299391e+02 -1.344426654093008544e+01 -1.719920380252911052e+00 -2.741630714840917804e+01 -1.187553072748643146e+01 -4.678632637860221735e+02 5.885946253671846762e+00 2.151197177860340616e+03 2.629410701958603624e+01 5.835630034904052366e+01 4.515521891913647501e+00 3.941828373105152328e-02 2.164147051410206524e-01 2.001274541442571575e+01 2.207930920939614072e+00 -1.295373744871968711e+02 -5.583945893852643394e+00
-1.291921677846396790e+02 -5.778725823548792884e-02 1.775921702912042520e+03 9.548577686778292772e+00 6.854124671311339512e+01 1.510913543825579200e-02 2.064714428649947138e+02 -1.222018653327720131e+03 2.197168753622473218e+02 2.034087613343571022e+01 3.311243694076729582e+00 5.794253253888972249e-02 -9.366448955136962695e+01 1.204727238841029502e+00 -8.750302416721498275e+02 5.891235479579214029e+01 3.245271823362083641e+00 -1.973038903304251993e-07 3.646846193260418545e+01 -9.269709029195199435e+01 -1.089791275891816430e-01 -6.127816191633681520e+00 1.138487428264264878e+02 9.326414583023814875e-02 -1.058028561035891357e+02 -4.468919216396748162e+00 -7.209096586871824308e-02 5.878860890365809055e+00 3.121931104407976498e+00 -1.037121087509558720e+03 -8.677585630693606333e+01 -4.384402418317318251e+00 1.062482604996241662e+02 2.921541245063548331e+02 -1.450294230836793304e+03 1.657323408490191525e+02 -2.063230868400845338e+03 -1.347545340647400565e+02 -1.152296240293823075e+02 1.314912360224509200e+02 1.089703128945412658e+00 -1.040573178158111345e+00 7.451811225784964563e+02 -6.778850906147262378e+00 7.742080743993497993e-01 -4.582851828457469168e+01
-6.571043719610704381e-02 -5.507650089571836170e-05 1.943509422486339844e+00 7.140086930596560230e-03 3.102773898011842654e-02 1.507439208611675621e-05 8.317722987312933802e-02 -1.206435808984324565e+00 2.457796071564227747e-01 -4.396773735438911507e-02 3.149615738884019214e-03 -6.631833710866420761e-02 -9.180591444921423760e-02 1.042176569950320356e-03 -9.810921662401905774e-01 7.007790178729060571e-02 3.171143514362914639e-03 -1.126727461413296137e-09 1.931210899140671511e-02 -7.124257813422421592e-02 -1.095788111932801372e-04 -5.765277496714994732e-03 9.326414583023814875e-02 1.304946489104292302e-04 -9.279507634923216119e-02 -5.687795264283376263e-03 -9.415814065916247447e-05 6.238209941268872509e-03 2.943632405809948858e-03 -1.057957540297770338e+00 -1.031124455305659632e-01 -4.285269465348885698e-03 9.312490334094172817e-02 1.462621012058127057e-01 -1.475165911982032174e+00 2.099472845301325885e-01 -2.388465746512572263e+00 -1.210135845556690321e-01 -1.529808791213071728e-01 1.617745970177744408e-01 1.367696185329556665e-03 -9.328953993710069597e-04 8.464417487235172954e-01 -5.294379935143678738e-03 7.690358598310494034e-04 -2.825358548576632420e-02
-4.766685136587452121e+02 2.362930988548350153e-01 4.288283694722252335e+02 1.876208803177053852e+01 2.721056727554593522e+02 -6.779922662261732291e-02 -5.997748998581053002e+02 3.076466153238811785e+02 1.546054798292249757e+02 5.489314903037716249e+02 -1.477617740465326612e+01 2.062555976473347030e+01 9.297532254105711047e+01 -9.140916228053943549e-01 -3.815045192626075163e+02 -1.455738070037712930e+02 -3.224630119486409097e+00 7.372340063196868750e-07 -1.223140595581032528e+02 -2.690859950361171400e+02 5.246174509132955910e-01 2.734305072703876860e+01 -1.058028561035891357e+02 -9.279507634923216119e-02 3.541114214684221793e+02 1.381215315712645797e+01 2.148980624728192013e-01 3.950936028910857090e+01 -1.380030278982556524e+01 4.952141394367648886e+00 2.143207606386910413e+02 4.361440157262880923e+00 -3.545806426177087474e+02 -1.848085936116617916e+02 1.003123814685106822e+03 -5.090800075577802772e+02 -7.218836891821070822e+03 8.570033442599526552e+01 3.642383488429261185e+00 -3.878921798054236660e+02 -3.099340006037371253e+00 5.503516217667256960e-01 -2.440667887098927622e+03 -2.253924077172272611e+00 -3.724457973173138203e+00 6.830182599308520253e+01
-1.749481844818502907e+01 5.590709454554484677e-04 -2.604250618487405404e+02 -2.817528636167154765e-01 1.168860848835271149e+01 6.972942629065561671e-05 3.041701817119173512e+01 1.266951585455304041e+02 -4.562959412876811882e+01 3.374004704492210038e+01 7.471737701656916419e-02 2.910509437545237077e+01 8.265020122731501218e+00 -1.214244554060515402e-01 1.430191903327476268e+02 -1.386782832689165090e+01 -3.259324030376829495e-01 4.738942906541974940e-07 5.608972291431848056e+00 1.842749121946331448e+00 -5.061156015191397434e-03 -1.597286332423913102e-01 -4.468919216396748162e+00 -5.687795264283376263e-03 1.381215315712645797e+01 1.282098415203777986e+00 2.012778730896018151e-02 -1.052695447112080185e+00 6.574785900071995759e-02 1.273380507873779379e+02 2.037666573066413633e+01 4.404101570453773373e-01 -1.383957952098734978e+01 1.926365713697582649e+01 1.820853411577125769e+02 -4.706489793918285613e+01 1.640485834726245571e+02 1.641751973915438256e+01 3.694616092009798081e+01 -3.485781829703361012e+01 -2.793167626510277834e-01 1.226261711563521317e-01 -2.179237200341666494e+02 4.212574680201089383e-01 3.840126737995722128e-02 -7.651343715112209898e-01
-3.097911182711428624e-01 7.491108640476728935e-06 -3.844757920576577614e+00 -2.554085368331577253e-03 2.028512045030858579e-01 1.515733214674803772e-06 4.234578050356265222e-01 1.893228323547669456e+00 -6.670823538794083962e-01 5.565016932372115477e-01 1.282993663230350915e-03 4.395590398464770954e-01 1.296432008825909032e-01 -1.852221255445565557e-03 2.104691117474799977e+00 -2.175134837311535063e-01 -5.081983193793358951e-03 7.161856118860603377e-09 7.578675012595666172e-02 4.330397187168023854e-03 -8.177727073211722578e-05 -2.724761452570897014e-03 -7.209096586871824308e-02 -9.415814065916247447e-05 2.148980624728192013e-01 2.012778730896018151e-02 3.201513385058026712e-04 -1.235609984907836550e-02 1.139668726058846006e-03 1.887655371891514333e+00 3.196574973475864723e-01 6.867433192060594903e-03 -2.153122021475709358e-01 2.914248226993425006e-01 2.780245728155863905e+00 -7.391406756354697016e-01 2.071785402040765778e+00 2.476882857744736599e-01 5.516012557671802208e-01 -5.486536568154423144e-01 -4.445845263937588283e-03 1.853095558142635541e-03 -3.352971298938473232e+00 6.019648296167435034e-03 6.345950801201595895e-04 -8.993087812783691348e-03
-3.257280937117731128e+02 -7.255391866472025997e-02 3.077710664331136286e+03 2.138905653304068011e+01 1.726438276341827134e+02 2.239884741067576027e-02 -5.380242180458153598e+02 -1.319116566475811169e+03 5.433105743267890375e+02 2.080407334700219621e+02 5.035507852065874701e+00 -1.772379244647290477e+02 -3.417065236567435704e+01 7.779677927971792029e-01 -1.732374027942059001e+03 1.724632184270371127e+01 1.181929823345867492e+00 -2.776605663562685386e-06 -1.132450940155891885e+02 -2.587728352399843743e+02 -1.836504824043612427e-01 -9.370960443917999427e+00 5.878860890365809055e+00 6.238209941268872509e-03 3.950936028910857090e+01 -1.052695447112080185e+00 -1.235609984907836550e-02 4.069607391446226785e+01 4.680396657505933256e+00 -1.437241495349864636e+03 -2.508657584084869896e+01 -1.592584042797418498e+00 -3.935836859275413957e+01 -8.898842619398078568e+01 -1.262185981121097939e+03 3.770490708415633918e+01 -7.274989363567905457e+03 -1.243644885892508967e+02 -3.071339443974823098e+02 2.305578024472341170e+01 1.252074842376678376e-01 -9.564518725753732298e-01 2.747230456349497558e+02 -8.678346061603285477e+00 1.302414017841924565e+00 2.754683132153176928e+01
-4.872408401495761865e+01 -3.246377161927341604e+00 3.982799008561601113e+02 2.892246178242284138e+00 2.639107559707174744e+01 1.028104188795427421e+00 -5.920257322669172595e+01 -1.789294353652474001e+02 5.881233907337394839e+01 3.275645125025258153e+01 2.279329263882719090e+02 -1.158594246449939291e+01 1.898838708982806978e+01 8.887658025743354340e-02 -2.223803263960418803e+02 -4.404363507281806811e+00 -6.288900695843335775e-01 -1.948138081953567193e-07 -1.133731488614800753e+01 -3.540323286233194011e+01 -9.025900324439206202e+00 -4.229110934107486059e+02 3.121931104407976498e+00 2.943632405809948858e-03 -1.380030278982556524e+01 6.574785900071995759e-02 1.139668726058846006e-03 4.680396657505933256e+00 2.105151165369524335e+02 -1.906578509493876084e+02 6.479482104736064230e+00 8.522248273808308294e-01 1.383714649411985675e+01 5.770524184991518979e+00 2.308074755957540276e+02 -2.424560632401006277e+00 -1.073265012913085457e+03 -1.329647853300089722e+01 -2.947091459206991360e+01 -1.872827970613113013e+00 -1.661112248247512482e-02 -1.092689279571815303e-01 -7.620791571231984030e+00 -1.105629304662181012e+00 6.420633688350176271e+01 2.776215028654236860e+00
1.001355316656651121e+04 3.080189996192538970e+00 -1.296039652380304760e+05 -7.714805502465026166e+02 -5.124226665059512925e+03 -9.351914273261211497e-01 1.870548269318132225e+04 5.912117633690148796e+04 -2.200994686758906755e+04 -4.670560742580666556e+03 -2.051544745450599407e+02 7.648060965961131842e+03 2.226082290967766767e+03 -3.995859269624232013e+01 7.189866278483353381e+04 -1.655443019715319451e+03 -7.883782896175519284e+01 1.219294809374191798e-04 3.941575120413940567e+03 9.389763634054917929e+03 7.496944961372077998e+00 3.798924347813299391e+02 -1.037121087509558720e+03 -1.057957540297770338e+00 4.952141394367648886e+00 1.273380507873779379e+02 1.887655371891514333e+00 -1.437241495349864636e+03 -1.906578509493876084e+02 6.195070885017276305e+04 2.424998812479414482e+03 1.063765606016157506e+02 -1.386828297640753505e+01 2.565185779505733535e+03 6.221593826840413385e+04 -4.652631739657011167e+03 2.714893818140093936e+05 5.908060909350979273e+03 1.319847833968680789e+04 -3.332449311148154720e+03 -2.512552627375147196e+01 4.516812072871535122e+01 -2.438997403659808697e+04 3.472475704073027600e+02 -5.303523716635114482e+01 -7.205590049526759913e+02
-1.913512363673605137e+02 -7.552286424247603436e-02 -4.936553695327006608e+03 -1.001886624950389582e+01 1.392872936307500140e+02 2.715213792233821255e-02 5.435803014430136955e+02 2.424319931383844960e+03 -8.442650567561358912e+02 4.782454652788892417e+02 7.047406475529863989e+00 4.813627794765203589e+02 1.513418312131663015e+02 -2.214752564916354860e+00 2.700078287397033819e+03 -2.249865984183091712e+02 -5.991778417643918608e+00 7.846427823420693083e-06 1.037302974424476218e+02 9.793544588843613496e+01 -3.028291942499369838e-01 -1.344426654093008544e+01 -8.677585630693606333e+01 -1.031124455305659632e-01 2.143207606386910413e+02 2.037666573066413633e+01 3.196574973475864723e-01 -2.508657584084869896e+01 6.479482104736064230e+00 2.424998812479414482e+03 3.305627101778383690e+02 8.095641535414360490e+00 -2.148365114859446123e+02 2.662543932473300856e+02 3.322685227993551052e+03 -7.481038449510482451e+02 4.480828330102062864e+03 2.993155315174215616e+02 6.491621139547844450e+02 -5.545936325310613029e+02 -4.441782437099489833e+00 2.244784184030238716e+00 -3.472184939383374967e+03 9.237857256902659131e+00 2.189158721973864630e+00 -1.002757689193364499e+01
7.848080317979546194e+00 -1.267916818083882589e-02 -2.123416292343083569e+02 -9.483653529951956429e-01 -3.478712093456728827e+00 4.004937789277341481e-03 1.738515228882879882e+01 1.088316892331938988e+02 -3.331247125640808093e+01 2.162334727932954337e+00 9.204794665020376021e-01 1.224680308097077308e+01 6.195606517891931730e+00 -8.762839266071870137e-02 1.142937657836485243e+02 -5.511914130529233624e+00 -2.480835617998238540e-01 2.016829131148769067e-07 3.674284393801727333e+00 1.115825829870077612e+01 -3.574467731601264908e-02 -1.719920380252911052e+00 -4.384402418317318251e+00 -4.285269465348885698e-03 4.361440157262880923e+00 4.404101570453773373e-01 6.867433192060594903e-03 -1.592584042797418498e+00 8.522248273808308294e-01 1.063765606016157506e+02 8.095641535414360490e+00 3.351218520167856263e-01 -4.384358237371029254e+00 -1.070613491741644108e+00 1.306958691607794947e+02 -1.618354219054655019e+01 3.397214171593681726e+02 1.163756911918594383e+01 2.156344710789563024e+01 -1.207376518425385648e+01 -9.626361081517556539e-02 8.859326366305007860e-02 -7.673138164607833289e+01 5.447550031480041799e-01 2.546135393917915435e-01 3.220736256566463784e-01
4.754118433602264417e+02 -2.369056290009096677e-01 -4.114816510513111325e+02 -1.866088339750318781e+01 -2.714637083534043427e+02 6.797980321910881973e-02 5.987023843989427405e+02 -3.168624420470256382e+02 -1.518399230242157785e+02 -5.485274005666436778e+02 1.481573788062243402e+01 -2.133955342927820453e+01 -9.346416684188285728e+01 9.217231615203619333e-01 3.722185097326872665e+02 1.459248360262615734e+02 3.241604125334503372e+00 -7.495374121906903660e-07 1.220430993090552221e+02 2.679417400634081901e+02 -5.260610058207508821e-01 -2.741630714840917804e+01 1.062482604996241662e+02 9.312490334094172817e-02 -3.545806426177087474e+02 -1.383957952098734978e+01 -2.153122021475709358e-01 -3.935836859275413957e+01 1.383714649411985675e+01 -1.386828297640753505e+01 -2.148365114859446123e+02 -4.384358237371029254e+00 3.550523574427097628e+02 1.855594820886307730e+02 -1.013436666754286193e+03 5.100898817334131081e+02 7.188796166354878551e+03 -8.670926534602578784e+01 -5.270933465713321553e+00 3.886580343324234832e+02 3.105300893415554153e+00 -5.579102350883833328e-01 2.445807316995465953e+03 2.198967080672779240e+00 3.734742203055047671e+00 -6.839353224149235189e+01
-3.291449977399747127e+02 -8.292239275200952164e-02 -6.884219184017862972e+03 -1.238097611498784012e+01 2.395405130480207845e+02 2.339061355069267309e-02 2.748674230975444516e+03 1.601922096916752253e+03 -1.526633529427261010e+03 5.742346686995558684e+02 6.202944535360525258e+00 1.203800085812570387e+03 -5.393982281741148910e+01 -3.431830829895930468e-01 4.250817848829046852e+03 -1.822485547000568999e+02 7.874971215787124335e-01 1.845388005208447427e-05 5.167863441295481834e+02 2.655707441347544204e+02 -2.775342076207997222e-01 -1.187553072748643146e+01 2.921541245063548331e+02 1.462621012058127057e-01 -1.848085936116617916e+02 1.926365713697582649e+01 2.914248226993425006e-01 -8.898842619398078568e+01 5.770524184991518979e+00 2.565185779505733535e+03 2.662543932473300856e+02 -1.070613491741644108e+00 1.855594820886307730e+02 1.924156466339772351e+03 2.108009468720580116e+03 -6.978050349937818737e+02 1.257045424950913002e+04 1.829082971676937461e+02 1.219132949294198170e+03 -4.663392272312660225e+02 -3.522423361609087866e+00 1.385206368667996735e+00 -3.414816648435631578e+03 1.965770627857704955e+00 2.086778895892085206e+00 -2.611597268948270312e+02
