2.251663129259128254e+03 3.681416845108835378e+00 -1.778294946566603539e+04 -5.585055733314299431e+01 -1.055807640752688030e+03 -1.538164049127199062e+00 2.850281793409824786e+03 8.596515379267149910e+03 -3.093554570069709371e+03 -1.752170335469579868e+03 -2.907750148711012983e+01 7.446873693547220228e+02 1.714331765641132961e+02 -1.137754935888020569e+01 8.579580761978191731e+03 3.645189448263066456e-01 3.485685640644227590e+01 -6.648661633851965291e+00 -2.337137149107534739e+01 2.161212735863091794e+01 6.308061805034075178e+02 1.941650517111831732e+03 1.222535003677803989e+00 5.844196632019679782e+01 -7.775414312981251896e+01 -1.889672761739296381e-01 -3.073538968272464444e+02 -6.537131590422141869e+01 -2.288611850027872097e-01 -1.289342081564336695e+02 -3.476891580034986617e+01 9.791557359274371265e+03 -5.176595054301203902e+01 8.465318983209639825e+00 7.884696923049119288e-01 3.060079625253804920e+02 7.533413683577522590e+01 6.635810081596789132e+03 2.204336014519702758e+02 5.247771179749292787e+04 6.647683165925898265e+02 1.542733802172612741e+03 1.911410108052915575e+02 2.571678933662077338e+00 1.330430500431181429e+01 5.281836713368691107e+02 5.646182006887723048e+01 -6.222371950141890373e+00 -1.214400121970071496e+02
3.681416845108835378e+00 3.996274951591751279e+00 -1.353700235511809922e+02 -2.821846832561965002e-01 -1.108057845265137509e+00 -1.645960213693552943e+00 2.532683156481384756e+01 6.220497591954816841e+01 -2.033842662277751145e+01 -2.773868184869825448e-01 -2.896861019158449579e+01 6.142238829704819381e+00 -1.381949026760854959e+00 -9.440956868876088093e-02 6.654665804304988797e+01 -1.829275428665187383e-04 1.689931611581463045e-01 5.584020091109980627e-02 -1.844651201931194473e-01 1.782583159591162592e-01 5.721885725973034909e+00 1.041189711158278008e+01 1.200795506518205213e+00 5.771998634619099988e+01 4.143103145072423166e-01 1.575173006112858334e-02 -7.057571059728480201e-01 -2.054757619561852766e-01 1.528291742915186395e-05 -7.058085695658020686e-01 -3.471710288373427744e+01 7.360695011973288615e+01 -2.473591557500972038e-01 -7.173636157618790143e-02 7.297270730371698683e-03 6.981046813169708987e-01 3.485860334131232197e+00 7.675083012585964148e+00 -4.589667658843869791e-02 4.002912259780283648e+02 5.274853607529426114e+00 1.284345476810306508e+01 -5.285637864653024154e-02 -3.929580895534206153e-04 1.124645205890920235e-01 -6.821882967483449134e-01 2.750594442549108010e-01 -6.099740490007361515e+00 -1.307969467452583912e+00
-1.778294946566603539e+04 -1.353700235511809922e+02 3.129441009390615509e+05 6.692588015794201510e+02 7.585424303838905871e+03 5.567053910930071225e+01 -5.067552678549886332e+04 -1.516279469117901172e+05 5.453395909461194242e+04 7.365969167943749198e+03 9.612122325032332810e+02 -2.091014563662009823e+04 -4.289514732634301254e+03 2.415700177579896888e+02 -1.510140823471075273e+05 3.703242143682538678e+00 3.187036135338518307e+03 1.980754089256746795e+02 6.104060812186305611e+02 -6.405979255838032032e+02 -1.088000499316966852e+04 -2.523396594734399696e+04 -3.936212691026688759e+01 -1.903664819522174412e+03 1.402486047626658092e+03 5.893680083831687178e+00 -3.977083741475734655e+02 -1.056821265477963834e+03 -6.981649647497966349e+00 1.796139880647863038e+03 1.152022781165673678e+03 -1.716721397788824688e+05 -4.617392077296151911e+03 -2.526870910417497669e+02 -1.295384295988873191e+01 4.125673315163146526e+02 -1.183209370266635779e+04 -1.406966704769167991e+05 9.308101939713189495e+03 -7.439499417337682098e+05 -1.400227981172636464e+04 -3.435593694850811880e+04 6.954404664985468116e+03 6.994258282233951718e+01 -2.704373325730363717e+02 6.284812931366232078e+04 -7.634043178143059549e+02 1.993676224348348853e+02 2.302991193988340001e+03
-5.585055733314299431e+01 -2.821846832561965002e-01 6.692588015794201510e+02 1.720619142700406279e+00 2.509145263751061350e+01 1.163317681194595277e-01 -1.076096192626017540e+02 -3.244106282053637074e+02 1.174600707621132756e+02 3.460616843363660422e+01 2.042052987009705944e+00 -3.752689311044277076e+01 -8.136980475101070809e+00 4.903449203580491078e-01 -3.229917749251525265e+02 -5.907667606227841057e-04 3.543670296103391237e+00 3.521570524851047601e-01 1.131261146005934526e+00 -1.142770003869051809e+00 -2.367817639371464011e+01 -6.200371729378892383e+01 -8.387431525144802003e-02 -4.061420037876796840e+00 3.222137437559601914e+00 9.956645148651086311e-03 4.118950319784650205e+00 -3.646999652414915638e-01 -5.640224294489554376e-03 4.250520301531175882e+00 2.447640694256271843e+00 -3.683564638511308544e+02 -5.119041284534024960e+00 -4.489973889560963660e-01 -2.846205027393150511e-02 -4.078073001310722034e+00 -1.440985891932882623e+01 -2.819408603919281973e+02 8.553902146991488209e+00 -1.751624116896918622e+03 -2.854761800491313295e+01 -6.797485273306760689e+01 6.133858670476100450e+00 5.386849639439686421e-02 -5.563527815785562769e-01 7.019832465749176720e+01 -1.858074128042602746e+00 4.258318549523283369e-01 4.628803328088808122e+00
-1.055807640752688030e+03 -1.108057845265137509e+00 7.585424303838905871e+03 2.509145263751061350e+01 4.987012613519871138e+02 4.679622550185162377e-01 -1.206710861014171542e+03 -3.671621080673577126e+03 1.315336973267379562e+03 8.503371454223002956e+02 9.345532502685735210e+00 -2.842888860617331943e+02 -6.846571632217198555e+01 4.677965986877100413e+00 -3.657247107284314552e+03 -1.948019726549466701e-01 -3.053603214648817499e+01 2.539778494949131549e+00 9.123481738346471914e+00 -8.121940601344361355e+00 -2.679732287356763436e+02 -8.646255690445416349e+02 -3.993052026701202628e-01 -1.892109844604161850e+01 3.386716114058741312e+01 7.384970275951953378e-02 1.535166237332054493e+02 3.700257742032492558e+01 1.437228843965946412e-01 5.688417957136667269e+01 1.115638756827675770e+01 -4.180746926735580928e+03 4.488102031477401965e+01 -3.231875761815840242e+00 -3.375423857899501057e-01 -1.529081971184677968e+02 1.291054432872237712e+01 -2.734443981236510353e+03 -1.487049263773514269e+02 -2.309815176690966473e+04 -2.730290631195442188e+02 -6.245280532726505953e+02 -1.246222054107392836e+02 -1.582703252741439082e+00 -5.513549508771810714e+00 -5.176469932362543886e+02 -2.505291608048063878e+01 2.036002501266705789e+00 5.060093212333769230e+01
-1.538164049127199062e+00 -1.645960213693552943e+00 5.567053910930071225e+01 1.163317681194595277e-01 4.679622550185162377e-01 6.788118799964085737e-01 -1.044295172588896214e+01 -2.555371340801860214e+01 8.353375226243114682e+00 1.459533553475655665e-01 1.204808639414133431e+01 -2.513894840293645405e+00 5.802507322582670657e-01 3.860572419527229932e-02 -2.737399324652315968e+01 5.339788984334034003e-05 -7.939769566660853650e-02 -2.353259237900114098e-02 7.541920929263910833e-02 -7.272495825777523792e-02 -2.356489217348614051e+00 -4.292863803316668836e+00 -5.061121320400039370e-01 -2.399467942056162428e+01 -1.772856160840647899e-01 -6.499433092908115869e-03 3.028990253019486767e-01 8.962299869588956358e-02 1.905946437448446807e-05 2.908464660601139951e-01 1.441927124450665154e+01 -3.025891629069356981e+01 1.161216278010224479e-01 3.022745727625115661e-02 -3.013384500324701402e-03 -2.997451765980663763e-01 -1.433305408700671135e+00 -2.879099910709619348e+00 -1.121800998608371742e-02 -1.650846650976528736e+02 -2.158662169899897343e+00 -5.266794234115168116e+00 -2.097157265124407772e-03 -1.066177335525551645e-04 -4.607044727092768355e-02 1.168207088345332295e-01 -1.129649590682393206e-01 2.571862872055763027e+00 5.417211200526119708e-01
2.850281793409824786e+03 2.532683156481384756e+01 -5.067552678549886332e+04 -1.076096192626017540e+02 -1.206710861014171542e+03 -1.044295172588896214e+01 1.009448885888647601e+04 2.276981293160164205e+04 -9.137479413189270417e+03 -1.253147634577493591e+03 -1.835430864606577188e+02 3.849188567373801106e+03 4.706532730195425529e+02 -3.321377457045016257e+01 2.497125989648270115e+04 2.303995303789562465e-01 -4.383223072251554413e+02 -2.204797374544954636e+01 -1.032146956072911621e+02 1.069564459275441379e+02 2.097101336564367557e+03 4.167716923304593365e+03 7.565602556191046268e+00 3.643098757660983438e+02 1.508120549977456619e+02 -1.284157096801553655e-01 -3.910023722777704620e+02 1.274735543180941875e+02 9.353657250149729485e-01 -3.167426677261744317e+02 -2.197764900525901339e+02 2.701465775112695337e+04 6.336514769203129163e+02 2.810541624588942611e+01 2.753270195063266090e+00 3.889682322050372818e+02 3.394822113024174087e+03 2.039489000351651339e+04 -1.316961225679371410e+03 1.254772042263877229e+05 2.076630502455764599e+03 5.846556233748130580e+03 -9.439427250392257065e+02 -8.949717630608466479e+00 3.968868422573446963e+01 -9.326006508951364594e+03 1.067967022990729475e+02 -3.830519450388467817e+01 -5.959829015423075589e+02
8.596515379267149910e+03 6.220497591954816841e+01 -1.516279469117901172e+05 -3.244106282053637074e+02 -3.671621080673577126e+03 -2.555371340801860214e+01 2.276981293160164205e+04 7.515855280309321824e+04 -2.615108339459037961e+04 -3.451712986767539405e+03 -4.378701105375355382e+02 9.719741968866672323e+03 2.292927646988632659e+03 -1.228564594053697903e+02 7.268382946699052991e+04 -2.639003733854533351e+00 -1.632791835363744440e+03 -1.057102122722614155e+02 -2.924123357729756663e+02 3.083759197542260608e+02 4.956073285798505822e+03 1.212406271098159959e+04 1.787643291925042277e+01 8.663484779398709179e+02 -1.040271622428352657e+03 -3.634858768771527693e+00 6.558216686415483991e+02 5.622864268629953131e+02 3.608459499410856530e+00 -8.450548407117397574e+02 -5.250024051508190723e+02 8.392873899652143882e+04 2.366990939450009591e+03 1.348767614951910616e+02 5.651669117732666336e+00 -6.633549626320583457e+02 4.352966692719624007e+03 7.050557312260728213e+04 -4.743004391773921270e+03 3.548718444310431369e+05 6.978172462404527323e+03 1.640708702952618114e+04 -3.583224680081308179e+03 -3.656689612106762866e+01 1.351118385661423815e+02 -3.160855434596777559e+04 3.857385973028384569e+02 -9.055789589530324690e+01 -9.035005244762423899e+02
-3.093554570069709371e+03 -2.033842662277751145e+01 5.453395909461194242e+04 1.174600707621132756e+02 1.315336973267379562e+03 8.353375226243114682e+00 -9.137479413189270417e+03 -2.615108339459037961e+04 9.655102759681807584e+03 1.256053904144027911e+03 1.426697174411094693e+02 -3.744004358669448266e+03 -7.135407806902279617e+02 4.195749912746229171e+01 -2.642124239364016466e+04 5.745000303807362707e-01 5.619386581975422814e+02 3.307892329970547252e+01 1.083306361594051594e+02 -1.137133557599980946e+02 -1.963072055150548977e+03 -4.426335148780525742e+03 -5.752912273603993931e+00 -2.823605379058047902e+02 2.086501324199831799e+02 9.052027929992374489e-01 -2.471569779538051392e+01 -1.885694650557149146e+02 -1.238647622845507001e+00 3.190440805828393422e+02 1.712099098773466324e+02 -2.984022256231867141e+04 -8.141252662767301445e+02 -4.219580002154000198e+01 -2.357396889450167787e+00 2.732387458049756290e+01 -2.244450299414154415e+03 -2.426307528660745447e+04 1.659831227958005911e+03 -1.293711554134716862e+05 -2.455129871778105553e+03 -6.111040030840843428e+03 1.239887227592683303e+03 1.241262465392411762e+01 -4.723708984791346666e+01 1.128808803504486059e+04 -1.321625840010375157e+02 2.913048208463993660e+01 4.293370670277687964e+02
-1.752170335469579868e+03 -2.773868184869825448e-01 7.365969167943749198e+03 3.460616843363660422e+01 8.503371454223002956e+02 1.459533553475655665e-01 -1.253147634577493591e+03 -3.451712986767539405e+03 1.256053904144027911e+03 1.644247550953090240e+03 6.038854954490389559e+00 -1.007911719126553507e+01 -8.722638390600483405e+00 2.606655558335890799e+00 -3.568971578031743775e+03 -6.390828631310522256e-01 -1.849528997247080042e+02 -1.022082103810142861e+00 1.529125723200030151e+00 1.972088935159284517e+00 -2.877816004371364897e+02 -1.182625156674255550e+03 -3.022476495775773819e-01 -1.314623084801447916e+01 1.643206455640880970e+00 -8.238707869512418291e-02 4.041360714156016343e+02 1.272025301414807075e+02 5.884478560174816186e-01 7.225587082292457808e+01 7.103668245292264594e+00 -4.024813674240866931e+03 2.695456660872748671e+02 1.323422594551110443e+00 -4.011693264377866885e-01 -4.032511523543951171e+02 3.012484592159544832e+02 -1.655133419642836543e+03 -6.824352228681917722e+02 -2.997100106471546314e+04 -1.683419277659806141e+02 -3.629852407648742769e+02 -5.437418056990742343e+02 -6.252644093902719469e+00 -3.725283211125490990e+00 -3.484413884539301762e+03 -3.020900752174011927e+01 1.569678798105275774e+00 5.679158967140934777e+01
-2.907750148711012983e+01 -2.896861019158449579e+01 9.612122325032332810e+02 2.042052987009705944e+00 9.345532502685735210e+00 1.204808639414133431e+01 -1.835430864606577188e+02 -4.378701105375355382e+02 1.426697174411094693e+02 6.038854954490389559e+00 2.257561942095541099e+02 -4.165116955331944126e+01 1.157214897121794550e+01 6.402773944718327392e-01 -4.734536640075936020e+02 -2.026676715198454104e-03 -2.669241421145797766e+00 -4.809370662305101907e-01 1.241803108547235635e+00 -1.176654274081466500e+00 -4.111903464503254924e+01 -7.542854117097773781e+01 -1.028901305813420208e+01 -4.482346322577780597e+02 -3.902254241068561669e+00 -1.156996586606919286e-01 6.937956065381952975e+00 2.214641754977760613e+00 3.549280366774650291e-03 5.081237790750673611e+00 2.678535332902521304e+02 -5.210759135875870243e+02 3.891922468754596132e+00 6.172336512127160058e-01 -5.356007885719354933e-02 -6.882380151604035490e+00 -2.435788833771486139e+01 -1.400790899364996989e+01 -4.129891422932717049e+00 -2.914657145766208487e+03 -3.597364754961792244e+01 -8.898749990349192274e+01 -3.115716229241625168e+00 -3.556831019601353755e-02 -7.741769555063822139e-01 -2.092122777705406378e+01 -1.928698133185035690e+00 5.237951618610969717e+01 9.805263495840165433e+00
7.446873693547220228e+02 6.142238829704819381e+00 -2.091014563662009823e+04 -3.752689311044277076e+01 -2.842888860617331943e+02 -2.513894840293645405e+00 3.849188567373801106e+03 9.719741968866672323e+03 -3.744004358669448266e+03 -1.007911719126553507e+01 -4.165116955331944126e+01 1.730865668774780261e+03 2.640956350938353125e+02 -1.576087092905729925e+01 1.022466039952385472e+04 -3.313978599705754702e-01 -3.033357435626372762e+02 -1.307353003486722365e+01 -4.751313907648233936e+01 5.105057343870282693e+01 7.915171636231210641e+02 1.474138519871772587e+03 1.631662787284103633e+00 8.187626961601708331e+01 -1.448417067108950640e+01 -3.041807769141858242e-01 7.866075856486114048e+01 1.239754353950622487e+02 7.258106194128832733e-01 -1.163756930574103876e+02 -5.004812648359830973e+01 1.127957247092472971e+04 4.396050947711450476e+02 1.668024954882394795e+01 9.885493339700408555e-01 -7.934296931674329301e+01 1.437545494802428038e+03 9.415692576196794107e+03 -9.562753875091375448e+02 4.534223764535801456e+04 9.395296956535920572e+02 2.525387327878270753e+03 -7.123696748854019916e+02 -7.247310010521232471e+00 1.794236201074104997e+01 -6.227690467824433654e+03 4.272081552929493142e+01 -8.205932348264321163e+00 -2.115074752257244199e+02
1.714331765641132961e+02 -1.381949026760854959e+00 -4.289514732634301254e+03 -8.136980475101070809e+00 -6.846571632217198555e+01 5.802507322582670657e-01 4.706532730195425529e+02 2.292927646988632659e+03 -7.135407806902279617e+02 -8.722638390600483405e+00 1.157214897121794550e+01 2.640956350938353125e+02 9.339596162006310465e+01 -4.149881425636249510e+00 2.007958703769581689e+03 -1.878204254389348182e-01 -6.983183461784584267e+01 -4.344300683765557558e+00 -8.657765886720879323e+00 9.478184570771759354e+00 1.070479747723147739e+02 2.983799574273151620e+02 -5.274013893999371927e-01 -2.330938003652660129e+01 -6.505972041716715637e+01 -2.091394804959235965e-01 8.187668717239019145e+01 2.941324021369327824e+01 1.670989821149942156e-01 -1.983526283288732373e+01 1.373711744186839212e+01 2.443006021709676588e+03 1.014343567689189314e+02 5.546281555776685579e+00 9.508483856680208235e-02 -8.208642768792233824e+01 3.063654529255611081e+01 2.349182265116723102e+03 -2.078906287671708810e+02 8.817110499210739363e+03 2.219256132593639848e+02 4.633214139512908218e+02 -1.620449593461911206e+02 -1.744927479809690318e+00 4.308740565289720159e+00 -1.273806565887256511e+03 1.164953144801551765e+01 2.689117318991326222e+00 -5.916565268000360867e+00
-1.137754935888020569e+01 -9.440956868876088093e-02 2.415700177579896888e+02 4.903449203580491078e-01 4.677965986877100413e+00 3.860572419527229932e-02 -3.321377457045016257e+01 -1.228564594053697903e+02 4.195749912746229171e+01 2.606655558335890799e+00 6.402773944718327392e-01 -1.576087092905729925e+01 -4.149881425636249510e+00 2.173132391949970377e-01 -1.151458289506343959e+02 7.045919353686650594e-03 3.275002110245197606e+00 1.941656294639378944e-01 4.903157804934384911e-01 -5.264454634742962158e-01 -7.413262949397896762e+00 -1.839914091946402408e+01 -2.546930300832619259e-02 -1.263068636054664351e+00 2.497929263246922549e+00 7.165153464928792140e-03 -2.587656888762686513e+00 -1.287843509055877966e+00 -7.642151053179352220e-03 1.266401760822102762e+00 7.697323000239953972e-01 -1.353714171471549435e+02 -4.753323230128863486e+00 -2.477944276696095738e-01 -7.772813513118592699e-03 2.600000738843765369e+00 -5.187703417270041584e+00 -1.194931098307904307e+02 9.789466603552892110e+00 -5.293011291606018176e+02 -1.206869249846292824e+01 -2.709675338236544562e+01 7.536705064624506178e+00 7.893096743636761337e-02 -2.330063434417950496e-01 6.324884314125485218e+01 -6.311314069866299503e-01 1.290184705772745299e-01 1.026058686856608393e+00
8.579580761978191731e+03 6.654665804304988797e+01 -1.510140823471075273e+05 -3.229917749251525265e+02 -3.657247107284314552e+03 -2.737399324652315968e+01 2.497125989648270115e+04 7.268382946699052991e+04 -2.642124239364016466e+04 -3.568971578031743775e+03 -4.734536640075936020e+02 1.022466039952385472e+04 2.007958703769581689e+03 -1.151458289506343959e+02 7.302405573715076025e+04 -1.554728813364285811e+00 -1.520768515589490562e+03 -9.279274595152212157e+01 -2.960659442416644538e+02 3.103950783985119415e+02 5.342996384639453026e+03 1.220353438391499003e+04 1.939800212935924861e+01 9.378970765602865640e+02 -5.804653995067229744e+02 -2.612916990983036758e+00 6.323099404914782440e+01 5.006611693172787341e+02 3.327984335366628965e+00 -8.742673255999955018e+02 -5.673971816188543471e+02 8.264169889999571024e+04 2.202941893510672344e+03 1.183706080827980855e+02 6.428571694086317123e+00 -7.032530975571377496e+01 6.107962976042947048e+03 6.724470713168388465e+04 -4.455470583497562075e+03 3.601093637128414703e+05 6.712832091423212660e+03 1.666961916130725513e+04 -3.318516944576756941e+03 -3.323104614275844426e+01 1.295580688985044162e+02 -3.020718775144665051e+04 3.642754726701991785e+02 -9.824643260938599099e+01 -1.171247333384088506e+03
3.645189448263066456e-01 -1.829275428665187383e-04 3.703242143682538678e+00 -5.907667606227841057e-04 -1.948019726549466701e-01 5.339788984334034003e-05 2.303995303789562465e-01 -2.639003733854533351e+00 5.745000303807362707e-01 -6.390828631310522256e-01 -2.026676715198454104e-03 -3.313978599705754702e-01 -1.878204254389348182e-01 7.045919353686650594e-03 -1.554728813364285811e+00 1.141688788409032798e-03 2.338062594577701714e-01 8.722700628488299496e-03 1.318319281367061856e-02 -1.681604882706477094e-02 2.615955888607449445e-02 9.284061844972078814e-02 1.052364601926857908e-04 5.226235049476530593e-03 1.913807694212721622e-01 4.740394179348666115e-04 -6.147222857620989744e-01 -1.303962627495553750e-01 -6.222324052568106549e-04 -2.705272827569407852e-03 -2.366497215889156770e-03 -2.394171114830930591e+00 -3.401298602413104777e-01 -1.114392486996640917e-02 1.922888062646015367e-04 6.146400373957067176e-01 1.994598238660210965e-01 -3.546337669125095626e+00 7.753024707159702489e-01 2.565337843321240374e+00 -3.437793132320781653e-01 -5.177602410524280163e-01 6.117659671320407888e-01 6.580044251180550488e-03 -6.283103519890450954e-03 4.880321468217379888e+00 -1.252822521310483286e-02 -5.259414355314478593e-04 -7.724003647921240390e-02
3.485685640644227590e+01 1.689931611581463045e-01 3.187036135338518307e+03 3.543670296103391237e+00 -3.053603214648817499e+01 -7.939769566660853650e-02 -4.383223072251554413e+02 -1.632791835363744440e+03 5.619386581975422814e+02 -1.849528997247080042e+02 -2.669241421145797766e+00 -3.033357435626372762e+02 -6.983183461784584267e+01 3.275002110245197606e+00 -1.520768515589490562e+03 2.338062594577701714e-01 9.655011460650814570e+01 3.723333126451496611e+00 8.903765407009988309e+00 -1.026233661482079640e+01 -8.861129870147657073e+01 -1.231552204132420485e+02 1.413515758936655653e-01 5.745903413050456265e+00 3.776562272148218113e+01 1.474480874938841335e-01 -1.147536983500726535e+02 -4.845901180552455401e+01 -2.516589922772989874e-01 1.227708388634074410e+01 -3.132911813806997792e+00 -1.783594718907742390e+03 -1.402508068525148417e+02 -4.755121188635375695e+00 -8.523288269704119846e-02 1.148022315744371582e+02 -1.943231759622549930e+02 -1.845646523898687974e+03 3.142166193349978585e+02 -4.308432524070109139e+03 -1.779027121077355105e+02 -4.195131031027938207e+02 2.422940886168260022e+02 2.599586189060826058e+00 -3.395290664563484384e+00 1.903141369730079077e+03 -6.705669511923039394e+00 -7.372061523211191902e-01 1.512615943907643512e+01
-6.648661633851965291e+00 5.584020091109980627e-02 1.980754089256746795e+02 3.521570524851047601e-01 2.539778494949131549e+00 -2.353259237900114098e-02 -2.204797374544954636e+01 -1.057102122722614155e+02 3.307892329970547252e+01 -1.022082103810142861e+00 -4.809370662305101907e-01 -1.307353003486722365e+01 -4.344300683765557558e+00 1.941656294639378944e-01 -9.279274595152212157e+01 8.722700628488299496e-03 3.723333126451496611e+00 2.409424599683524792e-01 4.214011801854341543e-01 -4.658409505594338640e-01 -4.902582172839200503e+00 -1.287571471233267495e+01 2.230320870010149906e-02 9.714257957870644500e-01 2.972966791158443645e+00 9.523588382242350117e-03 -3.817196297695651719e+00 -1.586546297805774275e+00 -8.740340910188685794e-03 8.906451155793809749e-01 -5.700175137121110680e-01 -1.126467067577788583e+02 -5.407099656737724303e+00 -3.076804099823534089e-01 -4.313797923931043075e-03 3.826591129316211148e+00 -2.700906726297238603e+00 -1.095689970008565979e+02 1.096716512168038626e+01 -3.824046493086707983e+02 -1.036225147041063011e+01 -2.188764374240098576e+01 8.499751483104850180e+00 9.077145745053583070e-02 -2.009380339788542080e-01 6.813689065126639832e+01 -5.263103876281142179e-01 -1.138955799885244674e-01 3.162663632575670736e-01
-2.337137149107534739e+01 -1.844651201931194473e-01 6.104060812186305611e+02 1.131261146005934526e+00 9.123481738346471914e+00 7.541920929263910833e-02 -1.032146956072911621e+02 -2.924123357729756663e+02 1.083306361594051594e+02 1.529125723200030151e+00 1.241803108547235635e+00 -4.751313907648233936e+01 -8.657765886720879323e+00 4.903157804934384911e-01 -2.960659442416644538e+02 1.318319281367061856e-02 8.903765407009988309e+00 4.214011801854341543e-01 1.350847467974993776e+00 -1.454234942947487008e+00 -2.166449509351603453e+01 -4.365889749854292745e+01 -4.866346451675845203e-02 -2.440918603705947376e+00 2.333768807976412507e+00 1.205975765606924661e-02 -4.159997138051440224e+00 -3.640966782509322819e+00 -2.121840894503549194e-02 3.319450219275429603e+00 1.492878546242510041e+00 -3.334262511723277953e+02 -1.290991559615486217e+01 -5.377208629012982799e-01 -2.579338218725879539e-02 4.183054282604286023e+00 -3.317939680957270809e+01 -2.847224476554212060e+02 2.771430632500175761e+01 -1.314743761748213956e+03 -2.850604828438212834e+01 -7.226762745121547482e+01 2.085175463024984310e+01 2.140672004541890050e-01 -5.457447331746290153e-01 1.801073225909497637e+02 -1.357896013807735391e+00 2.451938260421153704e-01 5.014767000127291929e+00
2.161212735863091794e+01 1.782583159591162592e-01 -6.405979255838032032e+02 -1.142770003869051809e+00 -8.121940601344361355e+00 -7.272495825777523792e-02 1.069564459275441379e+02 3.083759197542260608e+02 -1.137133557599980946e+02 1.972088935159284517e+00 -1.176654274081466500e+00 5.105057343870282693e+01 9.478184570771759354e+00 -5.264454634742962158e-01 3.103950783985119415e+02 -1.681604882706477094e-02 -1.026233661482079640e+01 -4.658409505594338640e-01 -1.454234942947487008e+00 1.577949788063379044e+00 2.236452181129044092e+01 4.387478929757767787e+01 4.560232176892373840e-02 2.304732591784849127e+00 -2.829930657055104604e+00 -1.398316273914879983e-02 6.049122770906134150e+00 4.366612774580342027e+00 2.487301800408553074e-02 -3.396493111160195255e+00 -1.415547322285475973e+00 3.505189092743315769e+02 1.488413542283602276e+01 5.944912980836322136e-01 2.631599899366179537e-02 -6.071821149532174999e+00 3.565000778082430344e+01 3.047712219200882373e+02 -3.224405768604930245e+01 1.332453849726090766e+03 3.040883028456751447e+01 7.670629757334090471e+01 -2.435459530647340998e+01 -2.519045104060139706e-01 5.818996060125712910e-01 -2.072017872208389235e+02 1.414208712795633316e+00 -2.293569720998293038e-01 -5.116356530959794036e+00
6.308061805034075178e+02 5.721885725973034909e+00 -1.088000499316966852e+04 -2.367817639371464011e+01 -2.679732287356763436e+02 -2.356489217348614051e+00 2.097101336564367557e+03 4.956073285798505822e+03 -1.963072055150548977e+03 -2.877816004371364897e+02 -4.111903464503254924e+01 7.915171636231210641e+02 1.070479747723147739e+02 -7.413262949397896762e+00 5.342996384639453026e+03 2.615955888607449445e-02 -8.861129870147657073e+01 -4.902582172839200503e+00 -2.166449509351603453e+01 2.236452181129044092e+01 4.441833411287288982e+02 9.167812223645416907e+02 1.678361910890689757e+00 8.167868126586671451e+01 1.719416507495310498e+01 -4.030434108920777359e-02 -7.281497083785615132e+01 2.401352800653078745e+01 1.845464601464532339e-01 -6.792556692110953520e+01 -4.929654903663826815e+01 5.837085319018278824e+03 1.281370445680983892e+02 6.249804285836667361e+00 5.702805181532221157e-01 7.233304856522708803e+01 6.337275550054727091e+02 4.445721763529844793e+03 -2.607914768040726585e+02 2.717771629828160803e+04 4.595737092190738622e+02 1.251126604089809462e+03 -1.887392692557516796e+02 -1.787098061076174638e+00 8.750907531998368682e+00 -1.874331875268534532e+03 2.391416930278080244e+01 -8.508468908693638255e+00 -1.175072196280912635e+02
1.941650517111831732e+03 1.041189711158278008e+01 -2.523396594734399696e+04 -6.200371729378892383e+01 -8.646255690445416349e+02 -4.292863803316668836e+00 4.167716923304593365e+03 1.212406271098159959e+04 -4.426335148780525742e+03 -1.182625156674255550e+03 -7.542854117097773781e+01 1.474138519871772587e+03 2.983799574273151620e+02 -1.839914091946402408e+01 1.220353438391499003e+04 9.284061844972078814e-02 -1.231552204132420485e+02 -1.287571471233267495e+01 -4.365889749854292745e+01 4.387478929757767787e+01 9.167812223645416907e+02 2.358674798452205323e+03 3.087300259236402056e+00 1.501040071338746884e+02 -9.448267297353773131e+01 -3.284209412427665509e-01 -1.933884348538720133e+02 5.773810482795735055e+00 1.799732660698352971e-01 -1.586012817718729764e+02 -9.043485309542282380e+01 1.383241414346631609e+04 1.777114402342879487e+02 1.641519211024271740e+01 1.113354452613990020e+00 1.918756860690209010e+02 6.843035863259884763e+02 1.059474236790863688e+04 -2.872142789266795262e+02 6.663325964487811143e+04 1.084089483285010829e+03 2.641364363952635358e+03 -2.008816725839577941e+02 -1.662036213042111799e+00 2.100509054569885237e+01 -2.465822785279838627e+03 6.600660093985401033e+01 -1.566860539971854926e+01 -1.889352239929483517e+02
1.222535003677803989e+00 1.200795506518205213e+00 -3.936212691026688759e+01 -8.387431525144802003e-02 -3.993052026701202628e-01 -5.061121320400039370e-01 7.565602556191046268e+00 1.787643291925042277e+01 -5.752912273603993931e+00 -3.022476495775773819e-01 -1.028901305813420208e+01 1.631662787284103633e+00 -5.274013893999371927e-01 -2.546930300832619259e-02 1.939800212935924861e+01 1.052364601926857908e-04 1.413515758936655653e-01 2.230320870010149906e-02 -4.866346451675845203e-02 4.560232176892373840e-02 1.678361910890689757e+00 3.087300259236402056e+00 5.246635922433396937e-01 2.032714378015354484e+01 1.728966431658354730e-01 4.766667818790848096e-03 -3.006612173026294021e-01 -1.042404574530597650e-01 -2.093357594888554333e-04 -2.069722856407389122e-01 -1.205033253372539015e+01 2.131641627324739829e+01 -2.057597133179243365e-01 -2.860460190283648299e-02 2.225023691998534881e-03 2.983518731217258413e-01 9.277540694710731950e-01 -1.114690048692398072e+00 2.550607237989019338e-01 1.209918837179784958e+02 1.430319758603292968e+00 3.569128818253024527e+00 1.905717508195164944e-01 2.083436238776009523e-03 3.106401123513283929e-02 1.433482807099860201e+00 7.786159006260204296e-02 -2.679739189125552201e+00 -4.125265761010825094e-01
5.844196632019679782e+01 5.771998634619099988e+01 -1.903664819522174412e+03 -4.061420037876796840e+00 -1.892109844604161850e+01 -2.399467942056162428e+01 3.643098757660983438e+02 8.663484779398709179e+02 -2.823605379058047902e+02 -1.314623084801447916e+01 -4.482346322577780597e+02 8.187626961601708331e+01 -2.330938003652660129e+01 -1.263068636054664351e+00 9.378970765602865640e+02 5.226235049476530593e-03 5.745903413050456265e+00 9.714257957870644500e-01 -2.440918603705947376e+00 2.304732591784849127e+00 8.167868126586671451e+01 1.501040071338746884e+02 2.032714378015354484e+01 8.901567007794461688e+02 7.966502303557019715e+00 2.313735244953226966e-01 -1.442474907155242825e+01 -4.642748147734631736e+00 -8.265267810187541808e-03 -1.009494632474047293e+01 -5.320990497361252665e+02 1.031701782091290397e+03 -8.376409058644549432e+00 -1.246655891341507338e+00 1.064816735264194902e-01 1.431410080442024579e+01 4.792542491591031251e+01 2.279067921834204924e+01 9.667166836126670049e+00 5.795049685496965139e+03 7.101363441319665526e+01 1.757660561604989482e+02 7.337555368834053127e+00 8.339939773290434843e-02 1.529655493251940168e+00 4.983145279344311973e+01 3.821519942667219727e+00 -1.034625488125759745e+02 -1.949374446330633148e+01
-7.775414312981251896e+01 4.143103145072423166e-01 1.402486047626658092e+03 3.222137437559601914e+00 3.386716114058741312e+01 -1.772856160840647899e-01 1.508120549977456619e+02 -1.040271622428352657e+03 2.086501324199831799e+02 1.643206455640880970e+00 -3.902254241068561669e+00 -1.448417067108950640e+01 -6.505972041716715637e+01 2.497929263246922549e+00 -5.804653995067229744e+02 1.913807694212721622e-01 3.776562272148218113e+01 2.972966791158443645e+00 2.333768807976412507e+00 -2.829930657055104604e+00 1.719416507495310498e+01 -9.448267297353773131e+01 1.728966431658354730e-01 7.966502303557019715e+00 9.038258243101246592e+01 2.068849479293120019e-01 -9.654488903890219831e+01 -1.826944313821820387e+01 -9.405747837590006100e-02 3.050182351996976848e+00 -4.630003932497460006e+00 -9.391156262421296788e+02 -5.506160742810442343e+01 -3.797095094854955999e+00 7.565504387533739106e-02 9.670363484763169026e+01 2.448198758803216890e+02 -1.140850050918473471e+03 1.083442497083222662e+02 -1.937781956700728188e+03 -1.119281859340452883e+02 -1.190826893834821902e+02 9.063219137045552998e+01 1.044714878550503601e+00 -2.253044694835571793e+00 6.171504380502357208e+02 -7.124515482391613475e+00 -8.730240803322041332e-01 -3.557747606769001436e+01
-1.889672761739296381e-01 1.575173006112858334e-02 5.893680083831687178e+00 9.956645148651086311e-03 7.384970275951953378e-02 -6.499433092908115869e-03 -1.284157096801553655e-01 -3.634858768771527693e+00 9.052027929992374489e-01 -8.238707869512418291e-02 -1.156996586606919286e-01 -3.041807769141858242e-01 -2.091394804959235965e-01 7.165153464928792140e-03 -2.612916990983036758e+00 4.740394179348666115e-04 1.474480874938841335e-01 9.523588382242350117e-03 1.205975765606924661e-02 -1.398316273914879983e-02 -4.030434108920777359e-02 -3.284209412427665509e-01 4.766667818790848096e-03 2.313735244953226966e-01 2.068849479293120019e-01 9.032389919772146726e-04 -2.343296620441125688e-01 -6.992941718418668740e-02 -3.788075232155832658e-04 1.822962155151281252e-02 -1.387547940722232975e-01 -3.548237733983215847e+00 -2.145385182305031835e-01 -1.216517211442224786e-02 5.489419318918508105e-05 2.346513036180918055e-01 2.488946766805051614e-01 -4.111388253958487837e+00 4.409565368787432549e-01 -9.829249910919541477e+00 -3.474834113530683721e-01 -5.867688864800647552e-01 3.535080481890617299e-01 4.048995444737776665e-03 -6.866192834613174707e-03 2.315811613934011692e+00 -1.899046232384593580e-02 -2.422046443603944818e-02 -4.587413690130660859e-02
-3.073538968272464444e+02 -7.057571059728480201e-01 -3.977083741475734655e+02 4.118950319784650205e+00 1.535166237332054493e+02 3.028990253019486767e-01 -3.910023722777704620e+02 6.558216686415483991e+02 -2.471569779538051392e+01 4.041360714156016343e+02 6.937956065381952975e+00 7.866075856486114048e+01 8.187668717239019145e+01 -2.587656888762686513e+00 6.323099404914782440e+01 -6.147222857620989744e-01 -1.147536983500726535e+02 -3.817196297695651719e+00 -4.159997138051440224e+00 6.049122770906134150e+00 -7.281497083785615132e+01 -1.933884348538720133e+02 -3.006612173026294021e-01 -1.442474907155242825e+01 -9.654488903890219831e+01 -2.343296620441125688e-01 3.401918847026597064e+02 6.790301027480012408e+01 3.140425463037956888e-01 1.133959876236347952e+01 8.271081060801066087e+00 4.132263039405755762e+02 1.670288564292203546e+02 4.878843011250847184e+00 -1.739914475750228839e-01 -3.400520605745624039e+02 -1.572009762356917406e+02 1.226485349812095365e+03 -3.876992979100206753e+02 -5.450890486729673285e+03 1.141033339401289766e+02 1.050394127511531508e+02 -3.075306595769131377e+02 -3.335637223053720124e+00 2.014977811753400960e+00 -2.410648431757238086e+03 2.627253778032624609e+00 1.523491102407389164e+00 5.364106506570269772e+01
-6.537131590422141869e+01 -2.054757619561852766e-01 -1.056821265477963834e+03 -3.646999652414915638e-01 3.700257742032492558e+01 8.962299869588956358e-02 1.274735543180941875e+02 5.622864268629953131e+02 -1.885694650557149146e+02 1.272025301414807075e+02 2.214641754977760613e+00 1.239754353950622487e+02 2.941324021369327824e+01 -1.287843509055877966e+00 5.006611693172787341e+02 -1.303962627495553750e-01 -4.845901180552455401e+01 -1.586546297805774275e+00 -3.640966782509322819e+00 4.366612774580342027e+00 2.401352800653078745e+01 5.773810482795735055e+00 -1.042404574530597650e-01 -4.642748147734631736e+00 -1.826944313821820387e+01 -6.992941718418668740e-02 6.790301027480012408e+01 2.594055779128322570e+01 1.307138575523794921e-01 -2.578767481186226451e+00 2.628279096525278025e+00 5.999318558110414870e+02 7.042679015619256688e+01 2.026806893195737924e+00 1.699563805663815985e-02 -6.789024107439644240e+01 8.437158950488429809e+01 7.113895238456817651e+02 -1.615829600780593012e+02 5.838887261438069345e+02 6.767841683286013676e+01 1.566554723435287428e+02 -1.252150149456225989e+02 -1.356259629989373661e+00 1.284890949905338475e+00 -9.610778323416733429e+02 1.961928333459459051e+00 5.388513049794040333e-01 -3.112134848579770185e+00
-2.288611850027872097e-01 1.528291742915186395e-05 -6.981649647497966349e+00 -5.640224294489554376e-03 1.437228843965946412e-01 1.905946437448446807e-05 9.353657250149729485e-01 3.608459499410856530e+00 -1.238647622845507001e+00 5.884478560174816186e-01 3.549280366774650291e-03 7.258106194128832733e-01 1.670989821149942156e-01 -7.642151053179352220e-03 3.327984335366628965e+00 -6.222324052568106549e-04 -2.516589922772989874e-01 -8.740340910188685794e-03 -2.121840894503549194e-02 2.487301800408553074e-02 1.845464601464532339e-01 1.799732660698352971e-01 -2.093357594888554333e-04 -8.265267810187541808e-03 -9.405747837590006100e-02 -3.788075232155832658e-04 3.140425463037956888e-01 1.307138575523794921e-01 6.757244803983780300e-04 -2.302838358351753240e-02 4.132515851077708975e-03 3.919104496420726669e+00 3.656975496574019768e-01 1.116368462165312665e-02 1.669866478745050920e-04 -3.140774660673071872e-01 4.897308427989854329e-01 4.274227938958662598e+00 -8.314585524797883931e-01 7.598259395586365095e+00 4.108203142984455103e-01 9.695239042742197499e-01 -6.439352011807933929e-01 -7.002692548674708563e-03 7.826142469180435296e-03 -4.898030493262155005e+00 1.385590872552185451e-02 1.123101432505327606e-03 -3.097622099666137718e-02
-1.289342081564336695e+02 -7.058085695658020686e-01 1.796139880647863038e+03 4.250520301531175882e+00 5.688417957136667269e+01 2.908464660601139951e-01 -3.167426677261744317e+02 -8.450548407117397574e+02 3.190440805828393422e+02 7.225587082292457808e+01 5.081237790750673611e+00 -1.163756930574103876e+02 -1.983526283288732373e+01 1.266401760822102762e+00 -8.742673255999955018e+02 -2.705272827569407852e-03 1.227708388634074410e+01 8.906451155793809749e-01 3.319450219275429603e+00 -3.396493111160195255e+00 -6.792556692110953520e+01 -1.586012817718729764e+02 -2.069722856407389122e-01 -1.009494632474047293e+01 3.050182351996976848e+00 1.822962155151281252e-02 1.133959876236347952e+01 -2.578767481186226451e+00 -2.302838358351753240e-02 1.131441854780016598e+01 6.092564109102776015e+00 -9.761065652866000164e+02 -1.774211173664986418e+01 -1.135519949414727892e+00 -8.479516169915707335e-02 -1.124588521630114890e+01 -7.308643451666291924e+01 -7.454353272365609655e+02 3.365211051014920685e+01 -4.572299019942976884e+03 -7.579563679824292421e+01 -1.936970207460666700e+02 2.411522667465797554e+01 2.200957760379838590e-01 -1.463804502618110348e+00 2.564393326438884060e+02 -4.464339636660384691e+00 1.049139223337598681e+00 1.593498544714837806e+01
-3.476891580034986617e+01 -3.471710288373427744e+01 1.152022781165673678e+03 2.447640694256271843e+00 1.115638756827675770e+01 1.441927124450665154e+01 -2.197764900525901339e+02 -5.250024051508190723e+02 1.712099098773466324e+02 7.103668245292264594e+00 2.678535332902521304e+02 -5.004812648359830973e+01 1.373711744186839212e+01 7.697323000239953972e-01 -5.673971816188543471e+02 -2.366497215889156770e-03 -3.132911813806997792e+00 -5.700175137121110680e-01 1.492878546242510041e+00 -1.415547322285475973e+00 -4.929654903663826815e+01 -9.043485309542282380e+01 -1.205033253372539015e+01 -5.320990497361252665e+02 -4.630003932497460006e+00 -1.387547940722232975e-01 8.271081060801066087e+00 2.628279096525278025e+00 4.132515851077708975e-03 6.092564109102776015e+00 3.182487840391643203e+02 -6.246151646878314523e+02 4.568691984668418193e+00 7.316105007269786409e-01 -6.409177447012974482e-02 -8.204501126849292447e+00 -2.924606980864584571e+01 -2.119254160503951212e+01 -4.783500102454507186e+00 -3.489750776722634782e+03 -4.324119162825952856e+01 -1.068283359109797033e+02 -3.610814377438194001e+00 -4.142175441115821671e-02 -9.298870629591273751e-01 -2.389966577345649057e+01 -2.315544831584605667e+00 6.132365270964419324e+01 1.171070374857550789e+01
9.791557359274371265e+03 7.360695011973288615e+01 -1.716721397788824688e+05 -3.683564638511308544e+02 -4.180746926735580928e+03 -3.025891629069356981e+01 2.701465775112695337e+04 8.392873899652143882e+04 -2.984022256231867141e+04 -4.024813674240866931e+03 -5.210759135875870243e+02 1.127957247092472971e+04 2.443006021709676588e+03 -1.353714171471549435e+02 8.264169889999571024e+04 -2.394171114830930591e+00 -1.783594718907742390e+03 -1.126467067577788583e+02 -3.334262511723277953e+02 3.505189092743315769e+02 5.837085319018278824e+03 1.383241414346631609e+04 2.131641627324739829e+01 1.031701782091290397e+03 -9.391156262421296788e+02 -3.548237733983215847e+00 4.132263039405755762e+02 5.999318558110414870e+02 3.919104496420726669e+00 -9.761065652866000164e+02 -6.246151646878314523e+02 9.453415637512794638e+04 2.584708356219415236e+03 1.437126197592076267e+02 6.831331912237771142e+00 -4.215982082388938466e+02 5.828853051754695116e+03 7.817636332034281804e+04 -5.198068229545646318e+03 4.057399663749301108e+05 7.783095631521407086e+03 1.875952583253403282e+04 -3.902167900526321773e+03 -3.945871480748325411e+01 1.504404308241990122e+02 -3.497154403656099748e+04 4.272011781100692929e+02 -1.079866161249878189e+02 -1.165555527209417505e+03
