3.487036063263002234e+03 7.072125043602908168e-01 -1.805912313420130886e+04 -2.601727477511989832e+02 -2.301576152549996550e+03 -2.053766971584804202e-01 3.073202938523534158e+03 8.084008156396794220e+03 -3.184251473180077937e+03 -3.072734430442483699e+03 -4.945513483140853594e+01 4.133130058821266744e+02 1.329695605332064190e+02 -2.396506785291331099e+00 1.084339053403535399e+04 2.121876860838184768e+02 -3.625670043398765419e+00 6.420774438967615652e+02 1.984830060954771170e+03 1.358177624154641494e+00 9.917448954264756367e+01 -7.619104795383485396e+01 -1.674729865456776878e-02 -4.662815125887246381e+02 -1.238343089201443981e+00 -3.659496741670832387e-01 -1.040350766108776952e+02 -5.214654887490042512e+01 7.828286462097698859e+03 -2.892041551696016768e+02 4.836754306438192152e+00 4.652130456776080223e+02 -4.010095356493817462e+02 6.028143590312372908e+03 8.904510584057903770e+02 5.394707162902315758e+04 6.914531501359497270e+02 1.257476878171818726e+03 5.877231753465883912e+02 5.290382187236702727e+00 3.013548158461601290e+00 2.428019428737924954e+03 6.259285503797245553e+01 -1.461885282370399786e+01 -1.225301844211092401e+02
7.072125043602908168e-01 4.755625245893342623e-02 -6.235722534481053181e+00 -6.782185206714400061e-02 -4.477678681909191272e-01 -1.353295287136428889e-02 9.109593133206899118e-01 2.926770743489758964e+00 -9.871466775892099310e-01 -4.894352891650468051e-01 -3.171613391513500080e+00 1.643406334582334094e-01 -2.673700718509408047e-01 -1.026307138964036849e-03 3.721296800564689367e+00 6.178872911582282412e-02 8.470172621618012043e-03 1.844241896319521734e-01 5.535035388647403520e-01 8.857796888333765994e-02 6.324585176180042900e+00 -6.176499319166075391e-02 -3.510956353248157586e-05 2.538055876755954121e-01 3.050716712952124585e-05 7.774436966358305205e-06 -2.528509576769209441e-02 -3.340126575466473735e+00 2.762249002837876777e+00 -8.377789991569098427e-02 -1.141942738814827503e-02 -2.545307530748165958e-01 -1.549847122310872849e-01 -2.950369259193714733e+00 -2.390186680293611421e-02 1.697294685546734883e+01 2.713208816314193195e-01 4.883481849276506415e-01 -1.447945090401389634e-02 -1.022408336722053086e-04 1.186876875343238769e-03 -1.417700057395481494e-01 1.741693259366077634e-02 -9.526027510422543365e-01 -3.133536851372815263e-02
-1.805912313420130886e+04 -6.235722534481053181e+00 2.518598774521961168e+05 2.219372162574745744e+03 1.079501249234543138e+04 1.767152077780428376e+00 -4.234858058617461211e+04 -1.140291060539020109e+05 4.553773328664625296e+04 9.758853612019531283e+03 4.039733767997854557e+02 -1.476303662740042273e+04 -4.295524720964795051e+03 4.660863313031497768e+01 -1.507596095064043475e+05 3.926093795645218961e+03 1.453848578410463404e+02 -8.761038858013087520e+03 -1.805836878913968030e+04 -1.089278661056854602e+01 -8.015841767544752656e+02 1.276195853071764304e+03 1.075158019277372867e+00 3.389138758887735889e+02 -1.292707627434589668e+01 -3.683216093836727545e+00 1.025812711179674125e+03 4.259061589771743570e+02 -1.088830811475970404e+05 -5.298327905826263304e+03 -1.950764361115835186e+02 -3.220160376244554072e+02 -5.812522155136129186e+03 -1.227983030513654085e+05 1.044930633822984055e+04 -5.555811280387294246e+05 -1.284212187542742504e+04 -2.681819195822662005e+04 6.124673823985633135e+03 4.634052879790269230e+01 -5.356752719297138299e+01 5.050688480011084175e+04 -6.076729929178472958e+02 1.165855874391776865e+02 1.786132605112664578e+03
-2.601727477511989832e+02 -6.782185206714400061e-02 2.219372162574745744e+03 2.488828190666154683e+01 1.646285452947878127e+02 1.949497445260151354e-02 -3.934324242632933988e+02 -9.846072273356472806e+02 4.065846198118128427e+02 1.950639276060788063e+02 4.575695507991528466e+00 -1.013298075873076414e+02 -2.719282757313173704e+01 3.599749587750751822e-01 -1.335325796980020641e+03 9.210265848680915468e+00 8.664587102653394934e-01 -8.273946278656524100e+01 -1.952814500003244689e+02 -1.251383300144560673e-01 -9.129390950794599391e+00 7.759845981108485446e+00 4.400250670380005495e-03 2.810854759083290944e+01 -4.779395993936125762e-03 -5.982393478662704871e-04 1.073111346702450497e+01 4.822620026904668400e+00 -9.558600899953067938e+02 -1.229311753644441296e+01 -1.161020670110801234e+00 -2.797128357565213364e+01 -1.625943003992996339e+01 -9.351434151000456723e+02 8.819460279337349107e+00 -5.670407610015628961e+03 -1.030273275712561514e+02 -2.106408137268099381e+02 2.217451714937211715e+00 -2.290031742482128915e-02 -4.324577040119215177e-01 1.296992657269080951e+02 -6.291217354949361074e+00 1.345229770127767566e+00 1.709610478341753748e+01
-2.301576152549996550e+03 -4.477678681909191272e-01 1.079501249234543138e+04 1.646285452947878127e+02 1.528352517329345801e+03 1.302553083496154340e-01 -1.807835614940959204e+03 -4.851721303356543103e+03 1.881458264976370856e+03 2.071763120016196808e+03 3.151834227498053309e+01 -1.795488115179569490e+02 -6.666220617658777314e+01 1.355751461464261176e+00 -6.476262861108752986e+03 -1.716962531646586854e+02 1.661941572591802307e+00 -3.771231255246435126e+02 -1.248716263332643621e+03 -8.661543540219062143e-01 -6.326476281780618649e+01 4.927556187449057745e+01 7.533283787137430750e-03 3.143010490392935594e+02 9.403167357666836201e-01 2.769191816867497824e-01 6.473476576213113276e+01 3.323704863293259848e+01 -4.690798898398154051e+03 2.336820760372217194e+02 -2.210827618147120255e+00 -3.136628036525197558e+02 3.304823395918481879e+02 -3.364090465218667305e+03 -6.831938135751283880e+02 -3.345351684625880443e+04 -3.911386423913622252e+02 -6.777386001226366261e+02 -4.462105464145045630e+02 -3.961809490601691408e+00 -1.726225525738577016e+00 -1.997209394318499790e+03 -3.929364248601472553e+01 9.325106536437337112e+00 6.948055386914573717e+01
-2.053766971584804202e-01 -1.353295287136428889e-02 1.767152077780428376e+00 1.949497445260151354e-02 1.302553083496154340e-01 4.105054983172228000e-03 -2.711829178304290822e-01 -8.175033569283185475e-01 2.798343788926446196e-01 1.457037810960014890e-01 9.320802889580702688e-01 -4.590347774221269217e-02 7.764371814470828748e-02 2.740324947148315001e-04 -1.057345237554234485e+00 -2.052395019685640185e-02 -2.470778543593156028e-03 -5.452468087826146254e-02 -1.588789427693156897e-01 -2.837421388717184870e-02 -1.847649524819644284e+00 1.479573163715583971e-02 8.836199956365789105e-06 -6.675000505957529029e-02 4.201793824125239527e-06 1.468302420392107304e-06 7.338639474423027872e-03 9.727462653406139248e-01 -7.779837946047207797e-01 2.781884957096182609e-02 3.330326704095094934e-03 6.694677127801837435e-02 4.024883968273640367e-02 8.977775830328805773e-01 -2.977673265008968454e-03 -4.923605936798574945e+00 -7.392347850951624944e-02 -1.370704944374970258e-01 -1.990350513450112394e-03 -2.116652947830975837e-05 -3.241627149067846138e-04 1.707822388268792234e-03 -4.869179522661496937e-03 3.057063984066061280e-01 1.060374211838631571e-02
3.073202938523534158e+03 9.109593133206899118e-01 -4.234858058617461211e+04 -3.934324242632933988e+02 -1.807835614940959204e+03 -2.711829178304290822e-01 1.052311099685417867e+04 1.615882673895235712e+04 -8.684059209465483946e+03 -1.840754541620680357e+03 -6.171468119462517876e+01 3.342558378059730330e+03 2.476579192856627287e+02 -5.354823730441331087e+00 2.614183915072370291e+04 -4.172180916548688856e+02 -9.284327535191327030e+00 2.175353373510652546e+03 3.312952555514478263e+03 1.712119275832917786e+00 1.223726133143306356e+02 4.048039945782858808e+02 1.056707855691607495e-01 -7.130252840709046041e+02 1.334513271707420179e+00 3.935225321105882412e-01 -2.147194489383299469e+02 -6.477627607487498551e+01 1.710436383083741384e+04 5.605807555661284596e+02 1.241873303422124408e+01 7.124950055153491348e+02 3.143853771360371866e+03 1.635512196688610129e+04 -1.188963156640252237e+03 1.042946848943244549e+05 1.862373757052684368e+03 5.229943474872796287e+03 -6.308929420541808213e+02 -4.260918076795889853e+00 7.525037017556725161e+00 -6.665863584726808767e+03 8.099189884279945773e+01 -1.833494256447321291e+01 -7.068580576199332199e+02
8.084008156396794220e+03 2.926770743489758964e+00 -1.140291060539020109e+05 -9.846072273356472806e+02 -4.851721303356543103e+03 -8.175033569283185475e-01 1.615882673895235712e+04 5.430404740921781195e+04 -1.972644041707923679e+04 -4.167360007801283245e+03 -1.870193406762228960e+02 5.944811184540434624e+03 2.369434073138803342e+03 -2.336284599190861400e+01 6.755808722010752535e+04 -2.015205857545086928e+03 -7.946889410904292106e+01 3.346085468138279339e+03 7.907762119208869080e+03 4.996986002877094712e+00 3.711284177121290213e+02 -1.129615746043077479e+03 -7.391756531231072902e-01 4.607068418487305053e+02 6.697045001943386033e+00 1.894792054657104430e+00 -4.263486541345445175e+02 -1.974380505396016758e+02 5.037090523324396781e+04 2.721857246212112841e+03 1.066659556621977174e+02 -4.704571419062475570e+02 7.249928720089249055e+02 5.949836746313757612e+04 -5.310938217015738701e+03 2.411236665068457951e+05 6.093540092960879520e+03 1.153343856594484532e+04 -3.174252491303728675e+03 -2.448282207635558549e+01 2.561921846702078653e+01 -2.483188230510554058e+04 2.938240740663334236e+02 -5.347517328380882873e+01 -4.463913643632869253e+02
-3.184251473180077937e+03 -9.871466775892099310e-01 4.553773328664625296e+04 4.065846198118128427e+02 1.881458264976370856e+03 2.798343788926446196e-01 -8.684059209465483946e+03 -1.972644041707923679e+04 8.631660812482352412e+03 1.691520620984170819e+03 6.386240224933239773e+01 -2.966314049478625748e+03 -6.392978933912811499e+02 7.902284863594759123e+00 -2.752494628543296130e+04 6.808816948064285270e+02 2.201286279939784052e+01 -1.806188944190354505e+03 -3.330852010905311090e+03 -1.700781019974265229e+00 -1.266919188771035039e+02 6.555731044460019064e+01 1.051291985703684539e-01 2.075032705001049749e+02 -2.293247019737649772e+00 -6.508782547017154529e-01 1.978479135354765788e+02 6.736521409066824617e+01 -1.936346285137312952e+04 -9.184549731855271375e+02 -2.952533801512976552e+01 -2.049736743071885030e+02 -1.676021285298260864e+03 -2.111527581266528796e+04 1.871637356058429759e+03 -1.022621118418118567e+05 -2.288635584931300855e+03 -5.156788962527464719e+03 1.086279595342271705e+03 8.086390648886503385e+00 -9.444447803776172989e+00 9.255109924298427359e+03 -1.044879518748833078e+02 1.821317077717387178e+01 4.369060335547767409e+02
-3.072734430442483699e+03 -4.894352891650468051e-01 9.758853612019531283e+03 1.950639276060788063e+02 2.071763120016196808e+03 1.457037810960014890e-01 -1.840754541620680357e+03 -4.167360007801283245e+03 1.691520620984170819e+03 2.993992059594543207e+03 3.607219423563562088e+01 1.082097726446889396e+02 4.823908916821976334e+01 6.040559280032163914e-01 -5.902667395330507134e+03 -4.315606069011171826e+02 -2.557299051973769721e+00 -3.902823128990502823e+02 -1.502248631807353831e+03 -1.007524879061730383e+00 -7.271991624298924251e+01 -6.760674100176798262e+00 -3.996609496597473832e-02 5.641856460428821265e+02 2.062842517885479676e+00 6.007591033705579342e-01 7.473417346974417796e+01 3.800026199414921990e+01 -4.170180093580836910e+03 5.858441083742953879e+02 3.464027766515215045e+00 -5.638642277875297850e+02 5.632880792124940399e+02 -1.484582318201951011e+03 -1.532948128204290924e+03 -3.852845117367254716e+04 -2.232731053063588149e+02 -3.389607411100294598e+02 -9.786130086374890880e+02 -8.394887824813601185e+00 -1.060778203278869736e+00 -5.223482401343733727e+03 -4.225558795595436123e+01 1.087227423657585312e+01 8.475437022364289419e+01
-4.945513483140853594e+01 -3.171613391513500080e+00 4.039733767997854557e+02 4.575695507991528466e+00 3.151834227498053309e+01 9.320802889580702688e-01 -6.171468119462517876e+01 -1.870193406762228960e+02 6.386240224933239773e+01 3.607219423563562088e+01 2.150558721060688754e+02 -9.629141014535411713e+00 1.863024890832177149e+01 6.185419991413481505e-02 -2.416861261776080596e+02 -5.574542520793168698e+00 -5.938612079440820368e-01 -1.247977517764914701e+01 -3.751837334603521157e+01 -6.276843663052170008e+00 -4.275692332833035607e+02 3.412055219165652797e+00 1.942219772244069276e-03 -1.525741722269781242e+01 4.142334607732220571e-03 1.247471836560334890e-03 1.711864211470995212e+00 2.254510576772648847e+02 -1.779811343675571607e+02 7.556277478295053918e+00 8.004643090251259974e-01 1.530251302372333200e+01 1.034746222852444220e+01 2.145099010561312980e+02 -3.084201381227614114e+00 -1.147617938640808234e+03 -1.670087648091885413e+01 -3.058666528745970936e+01 -1.964125291259094519e+00 -1.737623962077020426e-02 -7.339079430156329742e-02 -8.722567692616383539e+00 -1.136025521852191522e+00 6.754075159301605424e+01 2.373444704835788510e+00
4.133130058821266744e+02 1.643406334582334094e-01 -1.476303662740042273e+04 -1.013298075873076414e+02 -1.795488115179569490e+02 -4.590347774221269217e-02 3.342558378059730330e+03 5.944811184540434624e+03 -2.966314049478625748e+03 1.082097726446889396e+02 -9.629141014535411713e+00 1.339435205488530073e+03 1.850140005888440271e+02 -2.400273577108712253e+00 9.037792048243700265e+03 -3.600146944596202161e+02 -7.017414152409535255e+00 6.769866898472089360e+02 8.720360404789777249e+02 2.316611444243227291e-01 1.875593872074592383e+01 7.167778861232739018e+01 -1.627021174878037421e-02 -1.528910050032835066e+01 1.381950592464278760e+00 4.027561558351439031e-01 -6.145474291733430761e+01 -1.017284945806819962e+01 6.069479709878436552e+03 4.861340403738062150e+02 9.415342113508179622e+00 1.483333355767729067e+01 1.228790195407508918e+03 6.959703650052915691e+03 -1.114125374541059955e+03 2.942281176378711825e+04 7.420134863576301996e+02 1.964277009527448854e+03 -6.546868499455746360e+02 -5.081859669963859183e+00 3.012717115628130493e+00 -5.041035094899271826e+03 2.396047074293039358e+01 -2.426016341764075435e+00 -2.128636656803986682e+02
1.329695605332064190e+02 -2.673700718509408047e-01 -4.295524720964795051e+03 -2.719282757313173704e+01 -6.666220617658777314e+01 7.764371814470828748e-02 2.476579192856627287e+02 2.369434073138803342e+03 -6.392978933912811499e+02 4.823908916821976334e+01 1.863024890832177149e+01 1.850140005888440271e+02 1.571523067209101328e+02 -1.204014166100457972e+00 2.458178073122577644e+03 -1.431285062690277528e+02 -5.242023824007892685e+00 4.980266155503940695e+01 2.086145216050401245e+02 -5.254709367248071583e-01 -3.732924206634018560e+01 -1.090892676187880710e+02 -6.518004570061096403e-02 1.162972152349350949e+02 5.205514831903610418e-01 1.478368591891727757e-01 -9.221185050854858289e+00 1.960590656404385257e+01 2.020543214502167302e+03 1.937429393406838756e+02 7.042041932737247656e+00 -1.169060404563395252e+02 -1.313167557076221499e+02 2.960823433311911685e+03 -3.959467041350127374e+02 6.792873241287376004e+03 2.752729289361974452e+02 4.063697963648090763e+02 -2.469056775449781185e+02 -2.015021699237074415e+00 1.174856556418285791e+00 -1.613905725798702406e+03 1.176493661303581639e+01 5.661874189323799378e+00 2.483949791755889080e+01
-2.396506785291331099e+00 -1.026307138964036849e-03 4.660863313031497768e+01 3.599749587750751822e-01 1.355751461464261176e+00 2.740324947148315001e-04 -5.354823730441331087e+00 -2.336284599190861400e+01 7.902284863594759123e+00 6.040559280032163914e-01 6.185419991413481505e-02 -2.400273577108712253e+00 -1.204014166100457972e+00 1.129695461724740391e-02 -2.737883679054990793e+01 1.155239292432979514e+00 4.066472623807380893e-02 -1.129527407306986309e+00 -2.896033663276183390e+00 -1.575355855517530154e-03 -1.224055882003058648e-01 7.381534346258232793e-01 3.952146906083531795e-04 -6.667130761841234543e-01 -4.138842320340055912e-03 -1.160938501802298529e-03 1.484024256821561139e-01 6.559736659092391120e-02 -2.110896785223887662e+01 -1.562430396890495343e+00 -5.460050887069572284e-02 6.719393358848724240e-01 2.951547895617754325e-01 -2.717192909977476845e+01 3.199607884598118623e+00 -8.707153859976763499e+01 -2.802003514110117166e+00 -4.868093306589530656e+00 1.962666264971107299e+00 1.553244370145997165e-02 -1.178067843168159601e-02 1.413311455358507907e+01 -1.238010693212536623e-01 1.683468878122535220e-02 1.710733714817841422e-02
1.084339053403535399e+04 3.721296800564689367e+00 -1.507596095064043475e+05 -1.335325796980020641e+03 -6.476262861108752986e+03 -1.057345237554234485e+00 2.614183915072370291e+04 6.755808722010752535e+04 -2.752494628543296130e+04 -5.902667395330507134e+03 -2.416861261776080596e+02 9.037792048243700265e+03 2.458178073122577644e+03 -2.737883679054990793e+01 9.044257991754154500e+04 -2.297236481307585564e+03 -8.338751531241278769e+01 5.409550380432907332e+03 1.088517336805771083e+04 6.526732667158504420e+00 4.795659743723539350e+02 -6.285524578329011547e+02 -5.734482625644344855e-01 -3.594058912407460866e+02 7.564055053097683334e+00 2.157008453267654779e+00 -6.244612109865464618e+02 -2.547497873956439776e+02 6.491251225904170133e+04 3.099611805681938677e+03 1.118790131049947973e+02 3.497867955992116435e+02 3.961857440746972770e+03 7.249831104135057831e+04 -6.138524004689636968e+03 3.348918659622288542e+05 7.630099855609462793e+03 1.623320931944891527e+04 -3.583449479029693521e+03 -2.698709011577058803e+01 3.177339635837281051e+01 -2.990711237189424355e+04 3.596153988091508609e+02 -6.986150176640072118e+01 -1.161327556932523294e+03
2.121876860838184768e+02 6.178872911582282412e-02 3.926093795645218961e+03 9.210265848680915468e+00 -1.716962531646586854e+02 -2.052395019685640185e-02 -4.172180916548688856e+02 -2.015205857545086928e+03 6.808816948064285270e+02 -4.315606069011171826e+02 -5.574542520793168698e+00 -3.600146944596202161e+02 -1.431285062690277528e+02 1.155239292432979514e+00 -2.297236481307585564e+03 2.402002263526894410e+02 5.280076449718121623e+00 -7.692195653591187465e+01 -4.551482406708300488e+01 1.742981641589730069e-01 1.141817230818810813e+01 7.478355958517502700e+01 5.480165165488001811e-02 -1.903358362799556289e+02 -9.745493708751611361e-01 -2.798033880820339769e-01 5.984717375726500421e+00 -5.826571744361404903e+00 -1.783685090431298477e+03 -3.251912415049697529e+02 -7.095347977569424813e+00 1.908373089914182401e+02 -1.737757746851418403e+02 -2.907209152606587850e+03 7.485756611277245156e+02 -2.972428887917623797e+03 -2.775178742925722872e+02 -5.295802063131174009e+02 4.621318713805530365e+02 3.763730703715783665e+00 -1.152016127295068637e+00 3.046809070009822790e+03 -6.914802905412845035e+00 -1.903982503818116179e+00 8.157802244270498937e-01
-3.625670043398765419e+00 8.470172621618012043e-03 1.453848578410463404e+02 8.664587102653394934e-01 1.661941572591802307e+00 -2.470778543593156028e-03 -9.284327535191327030e+00 -7.946889410904292106e+01 2.201286279939784052e+01 -2.557299051973769721e+00 -5.938612079440820368e-01 -7.017414152409535255e+00 -5.242023824007892685e+00 4.066472623807380893e-02 -8.338751531241278769e+01 5.280076449718121623e+00 1.956017625246446179e-01 -1.810046924885078345e+00 -6.609947984495239126e+00 1.688096685737160152e-02 1.190317355385910325e+00 3.542443285906025530e+00 2.120981643103347133e-03 -3.735038897087328724e+00 -1.897158189389392541e-02 -5.390227753978240124e-03 3.108751748837476070e-01 -6.245947325690180962e-01 -6.804540069179282114e+01 -7.145864572949037097e+00 -2.628054922680312933e-01 3.754932839121127408e+00 3.186637139736734348e+00 -1.000808442542095804e+02 1.451520286280168293e+01 -2.171185817108411413e+02 -9.345665306174375075e+00 -1.427187627697929528e+01 8.997627830059014897e+00 7.292968103672654856e-02 -3.980383213871493964e-02 6.032417624161596592e+01 -3.846593535427406674e-01 -1.820092217914975052e-01 -7.287268252820924275e-01
6.420774438967615652e+02 1.844241896319521734e-01 -8.761038858013087520e+03 -8.273946278656524100e+01 -3.771231255246435126e+02 -5.452468087826146254e-02 2.175353373510652546e+03 3.346085468138279339e+03 -1.806188944190354505e+03 -3.902823128990502823e+02 -1.247977517764914701e+01 6.769866898472089360e+02 4.980266155503940695e+01 -1.129527407306986309e+00 5.409550380432907332e+03 -7.692195653591187465e+01 -1.810046924885078345e+00 4.551566635047570344e+02 7.030708656235910894e+02 3.433085563251636052e-01 2.477649140415517692e+01 8.282829870947313111e+01 2.519150256382938699e-02 -1.486503016765078655e+02 2.377197468629264621e-01 6.808646821943527272e-02 -4.475063456696902620e+01 -1.311297688010514939e+01 3.545217474925002080e+03 1.032946332976770663e+02 2.420153261372229636e+00 1.485110776437367974e+02 6.157147415064731604e+02 3.383520135228581239e+03 -2.136735679514371782e+02 2.187784823451638295e+04 3.935618806923450279e+02 1.089743475442342287e+03 -1.123629754684828015e+02 -7.253832826146563439e-01 1.579882531305546234e+00 -1.255074842235302413e+03 1.713716969129138690e+01 -3.686195289224851734e+00 -1.437814818528975707e+02
1.984830060954771170e+03 5.535035388647403520e-01 -1.805836878913968030e+04 -1.952814500003244689e+02 -1.248716263332643621e+03 -1.588789427693156897e-01 3.312952555514478263e+03 7.907762119208869080e+03 -3.330852010905311090e+03 -1.502248631807353831e+03 -3.751837334603521157e+01 8.720360404789777249e+02 2.086145216050401245e+02 -2.896033663276183390e+00 1.088517336805771083e+04 -4.551482406708300488e+01 -6.609947984495239126e+00 7.030708656235910894e+02 1.635817961462981202e+03 1.020494853785235190e+00 7.493234993059154192e+01 -3.828613286341506949e+01 -2.529173507819574424e-02 -2.771124024055977770e+02 -9.651784823046030692e-02 -3.363123207034556666e-02 -8.726703965394776219e+01 -3.956322630928941919e+01 7.730808733571006087e+03 6.006467462279424296e+01 8.854821488237178073e+00 2.761092467072999739e+02 2.362370784132914991e+02 7.537809708925221457e+03 2.696168280090447311e+01 4.713221895716503059e+04 8.440719452325458860e+02 1.789902322058597747e+03 4.622680846100072216e+01 7.371799400201610730e-01 3.524819286804189655e+00 -7.047096147234068440e+02 4.838875930661564695e+01 -1.096766953975555303e+01 -1.537289254353660795e+02
1.358177624154641494e+00 8.857796888333765994e-02 -1.089278661056854602e+01 -1.251383300144560673e-01 -8.661543540219062143e-01 -2.837421388717184870e-02 1.712119275832917786e+00 4.996986002877094712e+00 -1.700781019974265229e+00 -1.007524879061730383e+00 -6.276843663052170008e+00 2.316611444243227291e-01 -5.254709367248071583e-01 -1.575355855517530154e-03 6.526732667158504420e+00 1.742981641589730069e-01 1.688096685737160152e-02 3.433085563251636052e-01 1.020494853785235190e+00 2.057469963437927596e-01 1.237502002738115436e+01 -8.182583821928944567e-02 -4.932154323079973699e-05 3.937691451775717777e-01 -1.934600923897688575e-04 -5.765849187623923859e-05 -4.651636350957541466e-02 -6.497058812445728471e+00 4.781992972035361333e+00 -2.360964203754604140e-01 -2.274700622109099638e-02 -3.949703675621101806e-01 -3.007490784979209852e-01 -6.535568141477805959e+00 1.498066119292974785e-01 3.180883904130966400e+01 4.319874741446517730e-01 8.028942764413293798e-01 9.169499151972562712e-02 7.661913317144613969e-04 1.908919850054233624e-03 5.496022251722606500e-01 3.034122401539268710e-02 -2.220055945656179919e+00 -7.123023463194698424e-02
9.917448954264756367e+01 6.324585176180042900e+00 -8.015841767544752656e+02 -9.129390950794599391e+00 -6.326476281780618649e+01 -1.847649524819644284e+00 1.223726133143306356e+02 3.711284177121290213e+02 -1.266919188771035039e+02 -7.271991624298924251e+01 -4.275692332833035607e+02 1.875593872074592383e+01 -3.732924206634018560e+01 -1.224055882003058648e-01 4.795659743723539350e+02 1.141817230818810813e+01 1.190317355385910325e+00 2.477649140415517692e+01 7.493234993059154192e+01 1.237502002738115436e+01 8.505704709461467701e+02 -6.778167869586989802e+00 -3.815242886377983970e-03 3.028860796328266858e+01 -9.503465024417710044e-03 -2.850324215979618738e-03 -3.411440054646171838e+00 -4.486249774064999087e+02 3.532106870306254223e+02 -1.547741481134360697e+01 -1.604427880803410034e+00 -3.037816161498028933e+01 -2.100385615835026343e+01 -4.294785742275521443e+02 7.089248788687037006e+00 2.285905978643988874e+03 3.305926775493554715e+01 6.039240769989250879e+01 4.506315870990714068e+00 3.961584091599068547e-02 1.453337992009729740e-01 2.087358813616058484e+01 2.263568351219902297e+00 -1.331325789095490677e+02 -4.690653578893555498e+00
-7.619104795383485396e+01 -6.176499319166075391e-02 1.276195853071764304e+03 7.759845981108485446e+00 4.927556187449057745e+01 1.479573163715583971e-02 4.048039945782858808e+02 -1.129615746043077479e+03 6.555731044460019064e+01 -6.760674100176798262e+00 3.412055219165652797e+00 7.167778861232739018e+01 -1.090892676187880710e+02 7.381534346258232793e-01 -6.285524578329011547e+02 7.478355958517502700e+01 3.542443285906025530e+00 8.282829870947313111e+01 -3.828613286341506949e+01 -8.182583821928944567e-02 -6.778167869586989802e+00 1.272059384070910539e+02 6.069266689486788741e-02 -1.196885096720547779e+02 -2.695480820939781252e-01 -7.389006538150021119e-02 -2.451914007971716547e+00 3.656601803148993746e+00 -7.803471612393369696e+02 -1.014522456051803800e+02 -4.760370992147852753e+00 1.202205550427107852e+02 3.670463424163878585e+02 -1.432512882060682159e+03 1.942849444519625024e+02 -5.156011033894379807e+02 -1.298067713086679760e+02 -2.321243725729977925e+01 1.279987360207035181e+02 1.078219867681143640e+00 -5.879230368597523348e-01 7.329546973549270206e+02 -7.179396285032778380e+00 8.754863078907840768e-01 -6.615616351475362933e+01
-1.674729865456776878e-02 -3.510956353248157586e-05 1.075158019277372867e+00 4.400250670380005495e-03 7.533283787137430750e-03 8.836199956365789105e-06 1.056707855691607495e-01 -7.391756531231072902e-01 1.051291985703684539e-01 -3.996609496597473832e-02 1.942219772244069276e-03 -1.627021174878037421e-02 -6.518004570061096403e-02 3.952146906083531795e-04 -5.734482625644344855e-01 5.480165165488001811e-02 2.120981643103347133e-03 2.519150256382938699e-02 -2.529173507819574424e-02 -4.932154323079973699e-05 -3.815242886377983970e-03 6.069266689486788741e-02 5.208042114769578763e-05 -5.687810219075450230e-02 -2.048594158785164369e-04 -5.951589161006450192e-05 -1.180666739051680289e-04 2.062627489933588094e-03 -5.588636358183874941e-01 -7.426587952397206704e-02 -2.850654951971382141e-03 5.711346574667965081e-02 1.125965829421906594e-01 -9.527777525356579957e-01 1.518280836402290668e-01 -1.081495755743894227e+00 -7.766053330110748998e-02 -6.810988068045324695e-02 9.719615454037314195e-02 8.336166645650374633e-04 -3.394657009786447620e-04 5.239944197918190438e-01 -3.440068939950146048e-03 5.228067651360739738e-04 -2.388110958853033317e-02
-4.662815125887246381e+02 2.538055876755954121e-01 3.389138758887735889e+02 2.810854759083290944e+01 3.143010490392935594e+02 -6.675000505957529029e-02 -7.130252840709046041e+02 4.607068418487305053e+02 2.075032705001049749e+02 5.641856460428821265e+02 -1.525741722269781242e+01 -1.528910050032835066e+01 1.162972152349350949e+02 -6.667130761841234543e-01 -3.594058912407460866e+02 -1.903358362799556289e+02 -3.735038897087328724e+00 -1.486503016765078655e+02 -2.771124024055977770e+02 3.937691451775717777e-01 3.028860796328266858e+01 -1.196885096720547779e+02 -5.687810219075450230e-02 3.694950814666659085e+02 8.243311496889611512e-01 2.275107348625778625e-01 1.551170134493018971e+01 -1.619820135579765719e+01 9.346772346870235992e+01 2.580949138593850307e+02 5.022820897535554607e+00 -3.701256913716073313e+02 -2.418569334197977412e+02 1.249016354906633296e+03 -6.182858268528975714e+02 -8.016306286314494173e+03 1.056835860544805286e+02 -1.853202365460231960e+01 -3.911468822160954346e+02 -3.168790006286324790e+00 4.176075046630007837e-01 -2.581211710936850068e+03 3.981916709970704793e-01 -4.226117377467599745e+00 8.483691382552071047e+01
-1.238343089201443981e+00 3.050716712952124585e-05 -1.292707627434589668e+01 -4.779395993936125762e-03 9.403167357666836201e-01 4.201793824125239527e-06 1.334513271707420179e+00 6.697045001943386033e+00 -2.293247019737649772e+00 2.062842517885479676e+00 4.142334607732220571e-03 1.381950592464278760e+00 5.205514831903610418e-01 -4.138842320340055912e-03 7.564055053097683334e+00 -9.745493708751611361e-01 -1.897158189389392541e-02 2.377197468629264621e-01 -9.651784823046030692e-02 -1.934600923897688575e-04 -9.503465024417710044e-03 -2.695480820939781252e-01 -2.048594158785164369e-04 8.243311496889611512e-01 4.050660127352394453e-03 1.163117088961902702e-03 -1.160461795160051476e-02 4.170875691758790110e-03 5.894417815144152861e+00 1.319691349613961284e+00 2.549708849517924591e-02 -8.261265089980830423e-01 7.892317276965465922e-01 1.034629368473516386e+01 -3.102060037748028520e+00 4.183601625351617948e+00 9.870860907790641736e-01 1.925803379899615919e+00 -1.920904944553974980e+00 -1.570627022029751421e-02 4.072148226051128597e-03 -1.246201368198648041e+01 1.879035768656665134e-02 2.195418716395019024e-03 1.209949235398577894e-03
-3.659496741670832387e-01 7.774436966358305205e-06 -3.683216093836727545e+00 -5.982393478662704871e-04 2.769191816867497824e-01 1.468302420392107304e-06 3.935225321105882412e-01 1.894792054657104430e+00 -6.508782547017154529e-01 6.007591033705579342e-01 1.247471836560334890e-03 4.027561558351439031e-01 1.478368591891727757e-01 -1.160938501802298529e-03 2.157008453267654779e+00 -2.798033880820339769e-01 -5.390227753978240124e-03 6.808646821943527272e-02 -3.363123207034556666e-02 -5.765849187623923859e-05 -2.850324215979618738e-03 -7.389006538150021119e-02 -5.951589161006450192e-05 2.275107348625778625e-01 1.163117088961902702e-03 3.379011171915972359e-04 -3.152828099274684708e-03 1.260890134821938740e-03 1.671391694556503049e+00 3.788845100606235139e-01 7.244357141136597081e-03 -2.279965550003735797e-01 2.492260421466448439e-01 2.941019013911796431e+00 -8.917506725045101224e-01 1.227630526464009275e+00 2.770304408929127327e-01 5.483933999420356198e-01 -5.515507005937300145e-01 -4.544944193898166167e-03 1.145665722621225799e-03 -3.539335472914825420e+00 5.196609425168427845e-03 6.727107657757919277e-04 -2.248001464256848148e-03
-1.040350766108776952e+02 -2.528509576769209441e-02 1.025812711179674125e+03 1.073111346702450497e+01 6.473476576213113276e+01 7.338639474423027872e-03 -2.147194489383299469e+02 -4.263486541345445175e+02 1.978479135354765788e+02 7.473417346974417796e+01 1.711864211470995212e+00 -6.145474291733430761e+01 -9.221185050854858289e+00 1.484024256821561139e-01 -6.244612109865464618e+02 5.984717375726500421e+00 3.108751748837476070e-01 -4.475063456696902620e+01 -8.726703965394776219e+01 -4.651636350957541466e-02 -3.411440054646171838e+00 -2.451914007971716547e+00 -1.180666739051680289e-04 1.551170134493018971e+01 -1.160461795160051476e-02 -3.152828099274684708e-03 5.130316826016517950e+00 1.803360059156896344e+00 -4.294729236690053540e+02 -8.007329328051788764e+00 -4.162483804346285843e-01 -1.547124784007790055e+01 -3.752836477004289861e+01 -4.101638268094781665e+02 1.218564695247385110e+01 -2.596806498017188460e+03 -4.611341042588390593e+01 -1.096970313068391647e+02 5.468372244662827342e+00 2.239648132750493223e-02 -1.906204862250490129e-01 9.769186950583414841e+01 -2.496945034351481851e+00 4.994241188190451930e-01 1.205216658950679687e+01
-5.214654887490042512e+01 -3.340126575466473735e+00 4.259061589771743570e+02 4.822620026904668400e+00 3.323704863293259848e+01 9.727462653406139248e-01 -6.477627607487498551e+01 -1.974380505396016758e+02 6.736521409066824617e+01 3.800026199414921990e+01 2.254510576772648847e+02 -1.017284945806819962e+01 1.960590656404385257e+01 6.559736659092391120e-02 -2.547497873956439776e+02 -5.826571744361404903e+00 -6.245947325690180962e-01 -1.311297688010514939e+01 -3.956322630928941919e+01 -6.497058812445728471e+00 -4.486249774064999087e+02 3.656601803148993746e+00 2.062627489933588094e-03 -1.619820135579765719e+01 4.170875691758790110e-03 1.260890134821938740e-03 1.803360059156896344e+00 2.366590308272331242e+02 -1.877539116738493021e+02 7.898340734965595189e+00 8.419132073977113606e-01 1.624592011237321287e+01 1.098185680885582727e+01 2.242540652463628703e+02 -3.092606415240664930e+00 -1.207478662342875168e+03 -1.767698409105723201e+01 -3.227312339610153202e+01 -1.977704363334604309e+00 -1.763703583360251917e-02 -7.765398738281219237e-02 -8.381788793369947754e+00 -1.200355389276943407e+00 6.989040449907810171e+01 2.461173891279105685e+00
7.828286462097698859e+03 2.762249002837876777e+00 -1.088830811475970404e+05 -9.558600899953067938e+02 -4.690798898398154051e+03 -7.779837946047207797e-01 1.710436383083741384e+04 5.037090523324396781e+04 -1.936346285137312952e+04 -4.170180093580836910e+03 -1.779811343675571607e+02 6.069479709878436552e+03 2.020543214502167302e+03 -2.110896785223887662e+01 6.491251225904170133e+04 -1.783685090431298477e+03 -6.804540069179282114e+01 3.545217474925002080e+03 7.730808733571006087e+03 4.781992972035361333e+00 3.532106870306254223e+02 -7.803471612393369696e+02 -5.588636358183874941e-01 9.346772346870235992e+01 5.894417815144152861e+00 1.671391694556503049e+00 -4.294729236690053540e+02 -1.877539116738493021e+02 4.752215644597975188e+04 2.408013310434776486e+03 9.131543295896187828e+01 -1.016802759246319141e+02 1.695235062864488327e+03 5.460282684290253383e+04 -4.723284958753692990e+03 2.361968255119696842e+05 5.678123730582010467e+03 1.135796887808321480e+04 -2.793227128049851672e+03 -2.129093837530317757e+01 2.375817640253727347e+01 -2.256326053979966673e+04 2.715887722284384722e+02 -5.119051907592860573e+01 -6.229598021526229559e+02
-2.892041551696016768e+02 -8.377789991569098427e-02 -5.298327905826263304e+03 -1.229311753644441296e+01 2.336820760372217194e+02 2.781884957096182609e-02 5.605807555661284596e+02 2.721857246212112841e+03 -9.184549731855271375e+02 5.858441083742953879e+02 7.556277478295053918e+00 4.861340403738062150e+02 1.937429393406838756e+02 -1.562430396890495343e+00 3.099611805681938677e+03 -3.251912415049697529e+02 -7.145864572949037097e+00 1.032946332976770663e+02 6.006467462279424296e+01 -2.360964203754604140e-01 -1.547741481134360697e+01 -1.014522456051803800e+02 -7.426587952397206704e-02 2.580949138593850307e+02 1.319691349613961284e+00 3.788845100606235139e-01 -8.007329328051788764e+00 7.898340734965595189e+00 2.408013310434776486e+03 4.402582699542557521e+02 9.602617401170608247e+00 -2.587737849097603657e+02 2.339541946268736581e+02 3.930434630356829985e+03 -1.013544420494703559e+03 3.979621752763211589e+03 3.751168077764594955e+02 7.151668196881039421e+02 -6.257999094598266083e+02 -5.097437805098536501e+00 1.557180156414141869e+00 -4.123469528258101491e+03 9.325827425358703238e+00 2.578903191814031270e+00 -8.062881121907867765e-01
4.836754306438192152e+00 -1.141942738814827503e-02 -1.950764361115835186e+02 -1.161020670110801234e+00 -2.210827618147120255e+00 3.330326704095094934e-03 1.241873303422124408e+01 1.066659556621977174e+02 -2.952533801512976552e+01 3.464027766515215045e+00 8.004643090251259974e-01 9.415342113508179622e+00 7.042041932737247656e+00 -5.460050887069572284e-02 1.118790131049947973e+02 -7.095347977569424813e+00 -2.628054922680312933e-01 2.420153261372229636e+00 8.854821488237178073e+00 -2.274700622109099638e-02 -1.604427880803410034e+00 -4.760370992147852753e+00 -2.850654951971382141e-03 5.022820897535554607e+00 2.549708849517924591e-02 7.244357141136597081e-03 -4.162483804346285843e-01 8.419132073977113606e-01 9.131543295896187828e+01 9.602617401170608247e+00 3.530993793838113626e-01 -5.049538031178366637e+00 -4.287350252719890342e+00 1.343791296390480454e+02 -1.950691567397694826e+01 2.909901079882083650e+02 1.254526740831173726e+01 1.914935484009199484e+01 -1.209248070466582448e+01 -9.802196045599294305e-02 5.343252259087293704e-02 -8.105260827423363423e+01 5.160971809849443925e-01 2.452532532219695305e-01 9.820965245602345517e-01
4.652130456776080223e+02 -2.545307530748165958e-01 -3.220160376244554072e+02 -2.797128357565213364e+01 -3.136628036525197558e+02 6.694677127801837435e-02 7.124950055153491348e+02 -4.704571419062475570e+02 -2.049736743071885030e+02 -5.638642277875297850e+02 1.530251302372333200e+01 1.483333355767729067e+01 -1.169060404563395252e+02 6.719393358848724240e-01 3.497867955992116435e+02 1.908373089914182401e+02 3.754932839121127408e+00 1.485110776437367974e+02 2.761092467072999739e+02 -3.949703675621101806e-01 -3.037816161498028933e+01 1.202205550427107852e+02 5.711346574667965081e-02 -3.701256913716073313e+02 -8.261265089980830423e-01 -2.279965550003735797e-01 -1.547124784007790055e+01 1.624592011237321287e+01 -1.016802759246319141e+02 -2.587737849097603657e+02 -5.049538031178366637e+00 3.707595430089418187e+02 2.430558867668121081e+02 -1.260485554761924504e+03 6.196413298265808862e+02 7.989448224490201028e+03 -1.068649561065569884e+02 1.707131839719927058e+01 3.919987441198485953e+02 3.175522330616619815e+00 -4.225727791226955299e-01 2.587267700842229260e+03 -4.574480746695941957e-01 4.239041672158279539e+00 -8.501957230528650200e+01
-4.010095356493817462e+02 -1.549847122310872849e-01 -5.812522155136129186e+03 -1.625943003992996339e+01 3.304823395918481879e+02 4.024883968273640367e-02 3.143853771360371866e+03 7.249928720089249055e+02 -1.676021285298260864e+03 5.632880792124940399e+02 1.034746222852444220e+01 1.228790195407508918e+03 -1.313167557076221499e+02 2.951547895617754325e-01 3.961857440746972770e+03 -1.737757746851418403e+02 3.186637139736734348e+00 6.157147415064731604e+02 2.362370784132914991e+02 -3.007490784979209852e-01 -2.100385615835026343e+01 3.670463424163878585e+02 1.125965829421906594e-01 -2.418569334197977412e+02 7.892317276965465922e-01 2.492260421466448439e-01 -3.752836477004289861e+01 1.098185680885582727e+01 1.695235062864488327e+03 2.339541946268736581e+02 -4.287350252719890342e+00 2.430558867668121081e+02 2.049632848454725718e+03 1.113993241782242649e+03 -6.782964891605516868e+02 1.256223548104753354e+04 1.421306669798235873e+02 1.290617134032855120e+03 -3.732772357369412930e+02 -2.866545020476648276e+00 4.499277176108498200e-01 -3.060440401159265093e+03 -9.590299989034914319e+00 3.319139089208876126e+00 -3.177374664256216761e+02
6.028143590312372908e+03 -2.950369259193714733e+00 -1.227983030513654085e+05 -9.351434151000456723e+02 -3.364090465218667305e+03 8.977775830328805773e-01 1.635512196688610129e+04 5.949836746313757612e+04 -2.111527581266528796e+04 -1.484582318201951011e+03 2.145099010561312980e+02 6.959703650052915691e+03 2.960823433311911685e+03 -2.717192909977476845e+01 7.249831104135057831e+04 -2.907209152606587850e+03 -1.000808442542095804e+02 3.383520135228581239e+03 7.537809708925221457e+03 -6.535568141477805959e+00 -4.294785742275521443e+02 -1.432512882060682159e+03 -9.527777525356579957e-01 1.249016354906633296e+03 1.034629368473516386e+01 2.941019013911796431e+00 -4.101638268094781665e+02 2.242540652463628703e+02 5.460282684290253383e+04 3.930434630356829985e+03 1.343791296390480454e+02 -1.260485554761924504e+03 1.113993241782242649e+03 6.981701879092656600e+04 -8.068180517854100799e+03 2.375266952900213655e+05 6.961241202809692368e+03 1.305577960313725089e+04 -4.905144944313396081e+03 -3.885249130282441143e+01 2.914503852577906429e+01 -3.539070697155607922e+04 3.014889766400609687e+02 7.063091969266105252e+01 -3.603366417490643698e+02
