6.860415090193829428e+02 2.372535272614078483e+00 -8.234636151743468872e+03 -1.319499846133958521e+01 -3.412976991644315490e+02 -1.694065319079193777e-01 -2.055851536411650304e+00 1.370836917848143912e+03 3.936229797633155613e+03 -1.467422377821756072e+03 -5.949479326575165032e+02 -3.829783524704832853e-01 -8.294888203695993667e+00 -5.952470946508573411e-03 3.982800685148347384e+02 1.008137980090391466e+02 -8.250434622155651709e+00 4.689734942894732740e+03 2.672767416069018465e-01 2.030785779076124697e+01 -4.220896227333144957e+00 -2.292723460182856243e+01 1.782536701031486714e+01 2.902444542553074598e+02 1.102843159746822721e+03 9.210962120445009838e-02 3.261474474220028696e+01 -3.295910464880126511e+01 -1.040097059656745204e-01 -2.001649949051531792e+02 -8.501316056181390479e+01 -4.038772232129376194e-01 -5.181001742836449608e+01 -2.705546526049066358e+01 3.816231187437619155e+03 -2.873222621528759646e+01 5.435056786679039575e+00 3.651515993888722611e-01 1.994554346873259192e+02 1.159305789050696660e+02 3.538846204740099438e+03 9.767310909775036976e+01 2.495084802691232107e+04 3.454931239874724156e+02 8.081720136890058939e+02 8.997179037989536710e+01 1.158342402386730446e-01 1.626757623522624652e+00 7.362705917575402366e-04 9.866402231638719655e+00 4.739703797674808357e+02 8.028396893900778153e+00 -4.481244130309213425e+00 -5.563603028641818327e+01
2.372535272614078483e+00 5.222379008790279720e+00 -4.135482138693118515e+01 -5.201375029756315216e-02 -1.153656258208871632e+00 -3.948143181314232031e-01 -4.498423138716338698e+00 6.924781885410407511e+00 1.968810919539265925e+01 -6.428840890443841438e+00 -1.732192932074901659e+00 -6.511006041727512850e-01 -1.740036247884230747e+01 -1.281453704623551279e-02 1.827586893229665943e+00 -2.442812228560589993e+00 -3.822265287966112451e-02 2.367963284748632802e+01 -3.115006303719043863e-03 2.785327844255363616e-01 1.134634021611532761e-01 -1.108460471598487485e-01 9.850948100877300606e-02 1.258721911270017424e+00 4.677368392617349713e+00 2.114438587933519798e-01 6.606237463387724063e+01 -2.130941291893566625e-01 -1.107652856188843984e-03 1.396543424219197194e+00 -1.984828289122175515e-01 -5.231894923584114957e-04 -2.094207599199690017e-01 -5.579148207232662315e+01 1.923730553264046250e+01 -3.891696491100635202e-01 -1.468607736438756195e-01 1.914794711309474691e-03 -1.397009407694864480e+00 3.755849799840384473e-01 -3.265260260254881075e+01 1.334128944882510825e-01 1.285576232405956603e+02 1.553017389489163236e+00 3.911508907319994233e+00 1.189520934177620004e-01 5.658751131577446480e-04 2.068755552071317293e-03 6.525227055912676521e-06 4.655533313693654279e-02 7.867699712115671096e-01 2.536480477613066442e-02 -1.037478642066195178e+01 -3.209164135468466905e-01
-8.234636151743468872e+03 -4.135482138693118515e+01 2.463102954276720411e+05 2.492889804174369885e+02 3.712189154628786127e+03 2.851691888983966638e+00 3.597824669239616213e+01 -4.077484208852844313e+04 -1.187255272805009008e+05 4.362284250494003209e+04 3.004175722022292575e+03 1.073273944804632407e+01 1.294209963153893170e+02 1.901179703054622361e-01 -1.873125537207846355e+04 -4.195110031372711092e+03 3.005157877973430800e+02 -1.400815509211282188e+05 2.748064896606761565e+00 1.925558816584474698e+03 2.109580293059715643e+02 1.021227748377785019e+03 -1.153897384680893765e+03 -8.074931357874365858e+03 -2.297700022239702230e+04 -1.384125096431164881e+00 -4.972311693951623965e+02 1.207164453053153466e+03 7.348124668152514083e+00 1.801505614498023178e+01 -2.092736117996559642e+03 -1.659736661627582066e+01 1.277653424192007833e+03 4.369463614164119463e+02 -1.138828253420702094e+05 -2.682055451234148222e+03 -2.721365756539304357e+02 -9.846073725865094772e+00 -6.294182705580964488e+00 -1.259387104339510370e+04 -1.248229147399843205e+05 5.041251437021883248e+03 -5.778573178841016488e+05 -1.231719813636884282e+04 -2.997620220768984655e+04 4.113252085490403260e+03 -4.513536458550512442e+00 6.132125559883498767e+01 -3.655970985394988576e-02 -3.407220749921168590e+02 5.354669387840150011e+04 -1.007679682561658154e+02 6.386997033786011002e+01 1.737959546734514561e+03
-1.319499846133958521e+01 -5.201375029756315216e-02 2.492889804174369885e+02 3.166477882501284591e-01 6.301813827572189552e+00 3.627283830054103386e-03 4.518744703592517814e-02 -4.120251206754625883e+01 -1.199506117442545445e+02 4.467750763487225640e+01 8.806150122580774564e+00 1.076225896323616468e-02 1.730459154654172271e-01 1.773180979028684417e-04 -1.594226112902441983e+01 -3.789668608477223088e+00 2.879504422752688364e-01 -1.419173236162126557e+02 -1.566501135695273685e-03 9.028829228273426155e-01 1.780530521154969625e-01 8.927071235803291094e-01 -9.081658045734771756e-01 -8.513242009848875469e+00 -2.759024829849599669e+01 -1.886369829705652210e-03 -6.735921905732059622e-01 1.240572041703725370e+00 5.547515346685216384e-03 2.477705556816862220e+00 -2.073116313441840664e-01 -5.105758824686260425e-03 1.410450430479834205e+00 5.734020298777287028e-01 -1.156183357903695565e+02 -1.253164536566510501e+00 -2.295649829757778759e-01 -1.039269210679691184e-02 -2.461213731897355927e+00 -8.167006509744609843e+00 -1.192900970443979247e+02 1.811771580986232033e+00 -6.571872379077236701e+02 -1.190486359883499823e+01 -2.826250096135919776e+01 1.393283891425475485e+00 -4.160465938959878943e-03 1.778088377236252196e-02 -3.228262006654606227e-05 -3.318924831921740703e-01 2.520810151010367761e+01 -1.721563864347503692e-01 9.009817224531257995e-02 1.666249476242058103e+00
-3.412976991644315490e+02 -1.153656258208871632e+00 3.712189154628786127e+03 6.301813827572189552e+00 1.709080709821144524e+02 8.269061534121202595e-02 9.992359938337647129e-01 -6.138371841502375901e+02 -1.776127388935748058e+03 6.597736553124125294e+02 3.069005079043340629e+02 1.758414327681568079e-01 4.070291312620781810e+00 2.690989784088164589e-03 -1.616991522456464736e+02 -4.301065578174134174e+01 3.585044746709548757e+00 -2.113223952111738981e+03 -1.452894061091043187e-01 -1.541068049738380630e+01 1.723194925594494498e+00 9.467516383574050565e+00 -6.465238684541532166e+00 -1.312439418947187164e+02 -5.214437578543769405e+02 -4.533643132681773602e-02 -1.602942281215047160e+01 1.496020495093009117e+01 3.932751059669490484e-02 1.039446492151450911e+02 4.980217272819322005e+01 2.538297777044573045e-01 2.395001530365687259e+01 1.323752807646358498e+01 -1.722077621863539889e+03 2.170173809790263775e+01 -2.217777336676239663e+00 -1.656448985024217002e-01 -1.036021265262074564e+02 -2.785073861319538580e+01 -1.550862810815489183e+03 -6.382558398450603221e+01 -1.164754865823566251e+04 -1.503064357687956374e+02 -3.476089856757504890e+02 -5.757700608287515109e+01 -4.928440564672079832e-02 -1.009909790900695992e+00 -2.916603294788868372e-04 -4.325816943550944593e+00 -3.783851588689904588e+02 -4.076912224021715936e+00 2.213249138495108070e+00 2.454955124463714355e+01
-1.694065319079193777e-01 -3.948143181314232031e-01 2.851691888983966638e+00 3.627283830054103386e-03 8.269061534121202595e-02 3.154257789581767224e-02 3.379816459774766524e-01 -4.946010755664676517e-01 -1.340675347190515732e+00 4.339040050327274689e-01 1.289651940639675864e-01 5.202140144898542012e-02 1.285162516098459884e+00 1.024862775835879780e-03 -1.189917377426078782e-01 1.764167218398913772e-01 2.423363301812720208e-03 -1.636044000137304888e+00 2.022872684593416944e-04 -2.274480742068301503e-02 -8.244798892425615408e-03 7.146283276019467501e-03 -5.969129586322794237e-03 -8.760979428354281895e-02 -3.253849838770333514e-01 -1.688792164345586169e-02 -4.853400349702889471e+00 1.044504248625490427e-02 6.596837020899044628e-05 -8.921612675951737237e-02 1.895098836490573951e-02 6.765363032412808155e-05 1.450399983353130653e-02 4.103062578072083078e+00 -1.319757283565401673e+00 3.177343662720430451e-02 1.066973365846487186e-02 -1.393379441707967060e-04 8.925087473913413672e-02 -2.588750561073234827e-02 2.482910394401608656e+00 -1.833968142678507954e-02 -9.120515930435239227e+00 -9.958503354674247410e-02 -2.598574811144573893e-01 -1.600096691718312647e-02 -3.741836115047295080e-05 -2.640261313998342602e-04 -4.249527648021281022e-07 -3.037667511035023298e-03 -1.406460293103812265e-01 -1.387024614909029884e-03 8.306404054952443161e-01 2.426622163038093596e-02
-2.055851536411650304e+00 -4.498423138716338698e+00 3.597824669239616213e+01 4.518744703592517814e-02 9.992359938337647129e-01 3.379816459774766524e-01 3.877432524274706971e+00 -6.003592649336743747e+00 -1.714931134277031077e+01 5.604998211875360958e+00 1.493872847051610497e+00 5.573722672146372847e-01 1.502586024773934525e+01 1.096853868174398061e-02 -1.599898616787257088e+00 2.114125290923177580e+00 3.352208967414919971e-02 -2.059711587646796360e+01 2.725238333276224379e-03 -2.374943634543202342e-01 -9.812942949040096008e-02 9.710475014869711374e-02 -8.681505882618104075e-02 -1.094051018455791668e+00 -4.064586537568229296e+00 -1.810131183508764952e-01 -5.707939831568626943e+01 1.906121610088498119e-01 9.768104339118711087e-04 -1.223637111384361820e+00 1.655493559657184310e-01 4.123491523030430126e-04 1.821032559304870124e-01 4.819985345049279601e+01 -1.674446487839114539e+01 3.318385733428868556e-01 1.270157153461126953e-01 -1.656688003274032865e-03 1.224038936909048303e+00 -3.286394235070405068e-01 2.809987169658087325e+01 -1.036830813138446827e-01 -1.114995396325599728e+02 -1.360625259624879124e+00 -3.415910509631170378e+00 -9.295778933653145448e-02 -4.944269029238411222e-04 -1.635777349545621765e-03 -5.708059466524928932e-06 -4.072123298079621811e-02 -5.673226723399413807e-01 -2.250510218753224573e-02 8.879082908192527768e+00 2.765855534610530686e-01
1.370836917848143912e+03 6.924781885410407511e+00 -4.077484208852844313e+04 -4.120251206754625883e+01 -6.138371841502375901e+02 -4.946010755664676517e-01 -6.003592649336743747e+00 8.497965941412863685e+03 1.805002110422903206e+04 -7.538632069437667269e+03 -5.640592908347988441e+02 -1.893238605978542877e+00 -2.175785411272708814e+01 -3.322927298801837265e-02 3.538909691913552251e+03 4.658361807884648442e+02 -4.230693063937695797e+01 2.359187441088948981e+04 3.884789054424079291e-01 -2.661588363833056974e+02 -2.373728553415715936e+01 -1.787672897325647909e+02 1.954705513968766297e+02 1.602385130212608829e+03 3.944147527132173764e+03 2.385989103217416030e-01 8.454970896739439468e+01 1.494631841288240537e+02 -1.895636537489260309e-01 -4.447839723844567743e+02 2.560275713143378198e+02 2.266894596533094219e+00 -2.379900181294234471e+02 -7.354590125500268982e+01 1.822554951875484767e+04 3.699466493108448049e+02 3.059774309080415478e+01 2.201567355761917089e+00 4.432168667869443084e+02 3.477451223472092352e+03 1.845249148888291893e+04 -7.161614300259476522e+02 1.006356650865844567e+05 1.878639566833988738e+03 5.244004377200253657e+03 -5.592757617039906108e+02 8.053211385522847099e-01 -8.032438492840743294e+00 5.688695224559585893e-03 5.177340040812168809e+01 -8.095001853157640653e+03 -2.993861113128784268e+01 -1.089451378138359949e+01 -4.729822687659374196e+02
3.936229797633155613e+03 1.968810919539265925e+01 -1.187255272805009008e+05 -1.199506117442545445e+02 -1.776127388935748058e+03 -1.340675347190515732e+00 -1.714931134277031077e+01 1.805002110422903206e+04 5.870586131360902800e+04 -2.075015518013775363e+04 -1.349382694801663774e+03 -5.054912871231437954e+00 -6.142951624976181790e+01 -8.992220744772280727e-02 8.649825881192764427e+03 2.234350535241109810e+03 -1.519792343642101855e+02 6.715612810633871413e+04 -2.158139835040436161e+00 -9.860406414152273555e+02 -1.122126569447368496e+02 -4.846501339163269790e+02 5.545345331888763667e+02 3.648674141907655212e+03 1.091936070051092611e+04 6.506956206832417156e-01 2.350647629471736195e+02 -9.057134007339722075e+02 -4.483377729144438106e+00 4.279332236522222956e+02 1.109566940874578449e+03 8.543832612686703243e+00 -5.912214306896366907e+02 -2.074585768406982140e+02 5.547530784596737794e+04 1.374185655416623831e+03 1.447769273946737769e+02 4.216579943925896856e+00 -4.339041072252580307e+02 4.808542795023026883e+03 6.225501135972447082e+04 -2.569207749771376257e+03 2.732076270431882003e+05 6.095773290735853152e+03 1.421422575782955573e+04 -2.120313351984671954e+03 2.125605837890929717e+00 -3.189595252844787510e+01 1.805694859576908659e-02 1.687371848585057421e+02 -2.683210742891882182e+04 9.157630066927445966e+01 -3.010737167843565132e+01 -6.664140168031804023e+02
-1.467422377821756072e+03 -6.428840890443841438e+00 4.362284250494003209e+04 4.467750763487225640e+01 6.597736553124125294e+02 4.339040050327274689e-01 5.604998211875360958e+00 -7.538632069437667269e+03 -2.075015518013775363e+04 7.873199020409221703e+03 5.303815724230238402e+02 1.801217929575618548e+00 1.997537081796782843e+01 3.143132776776626919e-02 -3.410100876337503905e+03 -6.998615180836322907e+02 5.295727548136755303e+01 -2.490976925558917719e+04 3.870951675215607013e-01 3.399252154688860514e+02 3.531437516814782640e+01 1.843079291686219392e+02 -2.077852112723920470e+02 -1.491074478765079448e+03 -4.122688792213121815e+03 -2.068438244685168459e-01 -7.701930758156241552e+01 1.727779782547585512e+02 1.100656784859664894e+00 6.189711656654129257e+01 -3.705033941919940617e+02 -2.941417888149977067e+00 2.329128656544035039e+02 6.804307543707622585e+01 -2.009673640731634441e+04 -4.734365777493765677e+02 -4.555068400396125128e+01 -1.844012215185782733e+00 -5.980111577176032256e+01 -2.416711320474812510e+03 -2.176791801020899220e+04 8.995250937618176295e+02 -1.025538594485119829e+05 -2.194528619612181501e+03 -5.428137830001729526e+03 7.331725517016300273e+02 -8.179550612536879983e-01 1.086081978236291867e+01 -6.626749501441354939e-03 -6.053965399599712782e+01 9.660758270358410300e+03 -1.122317961110732476e+01 9.452077461544080350e+00 3.342921979512795474e+02
-5.949479326575165032e+02 -1.732192932074901659e+00 3.004175722022292575e+03 8.806150122580774564e+00 3.069005079043340629e+02 1.289651940639675864e-01 1.493872847051610497e+00 -5.640592908347988441e+02 -1.349382694801663774e+03 5.303815724230238402e+02 6.516143475941465795e+02 1.602934189263263975e-01 6.539496418949326539e+00 1.684356762241333337e-03 5.112156150150448752e+01 5.635487280810512978e+00 9.946566385698684121e-01 -1.721591958001399689e+03 -4.779648162440435777e-01 -9.191685968410263285e+01 -1.387134587762447691e+00 -1.875347832285791938e+00 1.332529425763849851e+01 -1.327274853023769197e+02 -7.174200123995385638e+02 -7.551236153487204950e-02 -2.616246632485657742e+01 -1.314156885653297735e+01 -1.321947577206374902e-01 2.816814243806728086e+02 1.869042371920911023e+02 1.101506533916682962e+00 2.724907939805239820e+01 2.086132575338760731e+01 -1.369296215782919944e+03 1.286569673647675529e+02 1.802641702142231850e+00 -1.875992835486348931e-01 -2.811545614602789556e+02 1.759965028888626648e+02 -6.448991562531814452e+02 -3.011226669107863358e+02 -1.484549856365738015e+04 -5.741469975887269328e+01 -1.282968485148575155e+02 -2.605030718853942631e+02 -1.276611236859416694e-02 -4.264779733852442689e+00 2.070693766775509050e-04 -1.950784137952697117e+00 -2.452173367795069680e+03 -4.338143881031779614e+00 3.775199552328482699e+00 2.541865246201981066e+01
-3.829783524704832853e-01 -6.511006041727512850e-01 1.073273944804632407e+01 1.076225896323616468e-02 1.758414327681568079e-01 5.202140144898542012e-02 5.573722672146372847e-01 -1.893238605978542877e+00 -5.054912871231437954e+00 1.801217929575618548e+00 1.602934189263263975e-01 8.598774601953979024e-02 2.118798700542149582e+00 1.693994661635688176e-03 -7.597504247322653947e-01 1.875876599917072063e-01 1.153274908259588512e-02 -6.149939672958159242e+00 4.886479455087662646e-04 3.836055774324822337e-02 -7.967302235359316129e-03 4.133723566714273684e-02 -4.601202041868344972e-02 -3.436778883088902337e-01 -9.935009572065230943e-01 -2.784565764824693812e-02 -8.001364755409117180e+00 3.685074299908813050e-02 2.973253327546464047e-04 -1.962913083526187374e-01 -7.326121762422882489e-02 -6.178467350106316971e-04 5.398108072300668303e-02 6.765135241178795944e+00 -4.936744569731708943e+00 -5.334960494591498015e-02 1.033183811426838065e-02 -4.811417999956374772e-04 1.965156232058644925e-01 -5.295494659326610565e-01 9.599869821399512615e-01 1.862538388085086538e-01 -2.714199709207647970e+01 -4.737114169017765386e-01 -1.223600966477766949e+00 1.507057598641217688e-01 -1.842918441226611484e-04 2.262841755253722654e-03 -1.695945496583883113e-06 -1.353778849085689531e-02 1.956476436545991682e+00 -2.322507409335741648e-03 1.369467915447626583e+00 9.230180687537355155e-02
-8.294888203695993667e+00 -1.740036247884230747e+01 1.294209963153893170e+02 1.730459154654172271e-01 4.070291312620781810e+00 1.285162516098459884e+00 1.502586024773934525e+01 -2.175785411272708814e+01 -6.142951624976181790e+01 1.997537081796782843e+01 6.539496418949326539e+00 2.118798700542149582e+00 5.852430050909944015e+01 4.167773718506205538e-02 -5.025505463936353223e+00 8.634065322229711015e+00 1.138717840114375768e-01 -7.415611303818080557e+01 9.795664918535460300e-03 -1.215960467009891355e+00 -4.034614288278692285e-01 3.137418282859411600e-01 -2.453497469815035803e-01 -3.991656603613859655e+00 -1.560167139679777115e+01 -6.883996755793047040e-01 -2.226595252577943427e+02 6.259030282005767498e-01 3.045849163159729863e-03 -4.387996111808432076e+00 1.102088462925059797e+00 4.536721473298785216e-03 6.723107890168902312e-01 1.879615036562920523e+02 -6.020910753634952073e+01 1.698912962811658822e+00 5.221918200767541318e-01 -6.150097976090242689e-03 4.389483731697492175e+00 -3.243050597591967676e-01 1.169636789496668428e+02 -1.239672628214260719e+00 -4.228607362461733601e+02 -4.657932028496246879e+00 -1.173935634560907282e+01 -1.070212357841236805e+00 -1.681799936487729692e-03 -1.754645680475724542e-02 -1.988908141989686508e-05 -1.410053442028783299e-01 -9.878187924278799770e+00 -8.265918404568059485e-02 3.373503436762683805e+01 1.012099446079721021e+00
-5.952470946508573411e-03 -1.281453704623551279e-02 1.901179703054622361e-01 1.773180979028684417e-04 2.690989784088164589e-03 1.024862775835879780e-03 1.096853868174398061e-02 -3.322927298801837265e-02 -8.992220744772280727e-02 3.143132776776626919e-02 1.684356762241333337e-03 1.693994661635688176e-03 4.167773718506205538e-02 3.339053155141359994e-05 -1.414108807324221742e-02 3.881337125961800780e-03 2.059981154094973769e-04 -1.089074288712354732e-01 1.137588092811345928e-05 9.488775894283590830e-04 -1.617042733249448260e-04 7.664007506145065120e-04 -8.898205603029384200e-04 -5.826030124370562731e-03 -1.619896222693286911e-02 -5.485301556724931065e-04 -1.573714770001764240e-01 7.172345137661399533e-04 5.593700444454882776e-06 -4.964184238464769590e-03 -1.926746118129888698e-03 -1.478435838318177304e-05 9.171274840178677808e-04 1.330638596596804557e-01 -8.755611315863860711e-02 -1.320747820472926081e-03 2.096283756750002831e-04 -8.233543596981547909e-06 4.966355414331177429e-03 -1.033943022863339535e-02 2.727637517817072671e-02 4.360505630471722335e-03 -4.564726623893896051e-01 -8.354396248176626863e-03 -2.160381498374936912e-02 3.527078560212080615e-03 -3.255358723675199266e-06 5.403171063160645512e-05 -3.131630535259249442e-08 -2.394873859017428587e-04 4.478650010748327220e-02 -7.242059969635663446e-05 2.698419690870070692e-02 1.623454260518137314e-03
3.982800685148347384e+02 1.827586893229665943e+00 -1.873125537207846355e+04 -1.594226112902441983e+01 -1.616991522456464736e+02 -1.189917377426078782e-01 -1.599898616787257088e+00 3.538909691913552251e+03 8.649825881192764427e+03 -3.410100876337503905e+03 5.112156150150448752e+01 -7.597504247322653947e-01 -5.025505463936353223e+00 -1.414108807324221742e-02 1.718718513172108487e+03 2.857996932621053929e+02 -2.224974623080791503e+01 1.076282833243435380e+04 -2.765183864104236444e-01 -2.003080898066392876e+02 -1.531076992070570242e+01 -8.910911698212829890e+01 1.056085929628481495e+02 6.608731101786520412e+02 1.542498392158188381e+03 4.619160504689773239e-02 1.916593844991214723e+01 -1.763733504982041467e+01 -4.185177376875817701e-01 4.125142864833131284e+01 2.600868125554042081e+02 1.883892842495424214e+00 -9.847587269453578074e+01 -1.810570676567211024e+01 8.506777906314573556e+03 2.790649245792169495e+02 1.975158089011187457e+01 8.596515355207342557e-01 -4.183019340933117292e+01 1.548626254402187215e+03 9.337667426272457305e+03 -5.659912848856812388e+02 4.034362949553307408e+04 9.365714504887228031e+02 2.471537398358785140e+03 -4.600883679653533136e+02 3.807340897542160207e-01 -6.932994177725174012e+00 2.998233468226809209e-03 2.576076670093970122e+01 -5.832963893090312922e+03 -5.481150583710972413e+00 -1.820489609044595225e+00 -1.808070018870124329e+02
1.008137980090391466e+02 -2.442812228560589993e+00 -4.195110031372711092e+03 -3.789668608477223088e+00 -4.301065578174134174e+01 1.764167218398913772e-01 2.114125290923177580e+00 4.658361807884648442e+02 2.234350535241109810e+03 -6.998615180836322907e+02 5.635487280810512978e+00 1.875876599917072063e-01 8.634065322229711015e+00 3.881337125961800780e-03 2.857996932621053929e+02 1.079162521231786798e+02 -6.228552458356485744e+00 2.332353790307265626e+03 -1.899129693018586917e-01 -4.929265005334050898e+01 -5.457727114711319771e+00 -1.725469032249311141e+01 2.127408650447334537e+01 1.001491250610930024e+02 3.348824427883888006e+02 -9.733585005406321378e-02 -3.314087830428046288e+01 -6.696568782871375447e+01 -2.822625757735888197e-01 7.603110543260044096e+01 6.487210138987319397e+01 4.527345844771133998e-01 -1.739800736463508102e+01 2.745485230572443314e+01 2.019387136367366793e+03 6.880938740427212963e+01 7.045063166818051670e+00 8.928578341421286590e-02 -7.624450963070536602e+01 6.722292787637974243e+01 2.514395488039990596e+03 -1.310234049435035502e+02 8.569680520500469356e+03 2.353863690013384087e+02 4.903312704040901053e+02 -1.112886695428828148e+02 7.259518176532427092e-02 -1.732017863010878012e+00 7.057091114322832162e-04 6.518407810258970869e+00 -1.260072864046015411e+03 7.327883434541208274e+00 4.819286643582961105e+00 -6.038244180935938843e+00
-8.250434622155651709e+00 -3.822265287966112451e-02 3.005157877973430800e+02 2.879504422752688364e-01 3.585044746709548757e+00 2.423363301812720208e-03 3.352208967414919971e-02 -4.230693063937695797e+01 -1.519792343642101855e+02 5.295727548136755303e+01 9.946566385698684121e-01 1.153274908259588512e-02 1.138717840114375768e-01 2.059981154094973769e-04 -2.224974623080791503e+01 -6.228552458356485744e+00 4.215379429721081150e-01 -1.695597110877847626e+02 9.165605216057196719e-03 3.065357911608939556e+00 3.172238261700288664e-01 1.279880868454047027e+00 -1.519613293536649978e+00 -8.778371522506382973e+00 -2.629712019092216480e+01 -1.108048169131406729e-03 -4.306696548529800883e-01 3.273076713591922537e+00 1.320287908130948588e-02 -2.997530697547046152e+00 -3.847709146369114208e+00 -2.776560896092118355e-02 1.427019000702927976e+00 3.934785601892961671e-01 -1.420977722321206329e+02 -4.276151098392001693e+00 -4.093504945442832388e-01 -9.371200567473094226e-03 3.013088845344866318e+00 -1.010320604976535641e+01 -1.651986447598282837e+02 8.225686482937963007e+00 -6.481848806044180265e+02 -1.656688023906366425e+01 -3.715169948944708977e+01 6.903209588166371979e+00 -5.524211873389936120e-03 1.052194403930160060e-01 -5.096890888019696485e-05 -4.567820582681557662e-01 8.345146383083520902e+01 -3.243368878024306956e-01 4.998253632067656965e-02 1.258807127111758017e+00
4.689734942894732740e+03 2.367963284748632802e+01 -1.400815509211282188e+05 -1.419173236162126557e+02 -2.113223952111738981e+03 -1.636044000137304888e+00 -2.059711587646796360e+01 2.359187441088948981e+04 6.715612810633871413e+04 -2.490976925558917719e+04 -1.721591958001399689e+03 -6.149939672958159242e+00 -7.415611303818080557e+01 -1.089074288712354732e-01 1.076282833243435380e+04 2.332353790307265626e+03 -1.695597110877847626e+02 7.977395774122772855e+04 -1.367017444782037350e+00 -1.086340993929821252e+03 -1.173420782788240757e+02 -5.837675183757360173e+02 6.584159700326124494e+02 4.655532014954398619e+03 1.310756767921350183e+04 7.940119290223053294e-01 2.850942356576297243e+02 -6.147620656678429896e+02 -3.931903407781033533e+00 -1.148740694177934358e+02 1.175948970458468466e+03 9.366375746982575023e+00 -7.332284659448185948e+02 -2.503337412052192121e+02 6.463914378696767380e+04 1.512973805020344116e+03 1.513658345825081994e+02 5.728941342793696379e+00 1.082576207576940845e+02 7.472041697717817442e+03 7.049138999908568803e+04 -2.851364103116819479e+03 3.294769291123332805e+05 6.979881015224294970e+03 1.713189324899052735e+04 -2.321298653702276624e+03 2.582742997831975806e+00 -3.453457417034285726e+01 2.074271282383857370e-02 1.930510681867815777e+02 -3.040951137147343616e+04 4.737188691710227317e+01 -3.662579000008085472e+01 -1.029418495294017475e+03
2.672767416069018465e-01 -3.115006303719043863e-03 2.748064896606761565e+00 -1.566501135695273685e-03 -1.452894061091043187e-01 2.022872684593416944e-04 2.725238333276224379e-03 3.884789054424079291e-01 -2.158139835040436161e+00 3.870951675215607013e-01 -4.779648162440435777e-01 4.886479455087662646e-04 9.795664918535460300e-03 1.137588092811345928e-05 -2.765183864104236444e-01 -1.899129693018586917e-01 9.165605216057196719e-03 -1.367017444782037350e+00 1.233644640057360948e-03 1.601020879385943729e-01 9.809585006197369880e-03 2.119030555767024981e-02 -3.866178753360452469e-02 5.339381370621318346e-02 2.199472684276675138e-01 -9.868875758145083377e-05 -3.597161118310500394e-02 1.914051776366953450e-01 6.374325247635850757e-04 -6.420234812172390670e-01 -2.827063770377063467e-01 -1.660530998348653002e-03 -5.623901793388497855e-03 3.221008860384452777e-02 -1.588715262642655279e+00 -2.238562813882076230e-01 -1.267246373668266812e-02 2.210880039195616778e-04 6.418434047916495855e-01 2.274250336381703763e-01 -3.110371379436588590e+00 4.814117228014688776e-01 4.945037474635237906e+00 -3.028930350664197912e-01 -4.119821659011220771e-01 4.150395184292112738e-01 -5.572468131491911805e-05 6.441383054391837566e-03 -1.629785837285153454e-06 -7.783912336049828191e-03 4.682442286971923551e+00 -2.305135135588863918e-02 4.762208394252785346e-03 -7.591070572878380607e-02
2.030785779076124697e+01 2.785327844255363616e-01 1.925558816584474698e+03 9.028829228273426155e-01 -1.541068049738380630e+01 -2.274480742068301503e-02 -2.374943634543202342e-01 -2.661588363833056974e+02 -9.860406414152273555e+02 3.399252154688860514e+02 -9.191685968410263285e+01 3.836055774324822337e-02 -1.215960467009891355e+00 9.488775894283590830e-04 -2.003080898066392876e+02 -4.929265005334050898e+01 3.065357911608939556e+00 -1.086340993929821252e+03 1.601020879385943729e-01 4.388212902225626522e+01 2.860658488923139231e+00 1.101975219946480422e+01 -1.534557617658041195e+01 -4.831028649150039911e+01 -7.807955041358485460e+01 1.542716513815678946e-02 4.898637178950643545e+00 2.536019377532696595e+01 1.309579733078255204e-01 -7.533831748544460538e+01 -6.948201380016983819e+01 -4.475213580345858699e-01 7.270131599087997998e+00 -3.649561885291870311e+00 -9.109861368657158209e+02 -6.127029171498979565e+01 -3.693844029802365370e+00 -4.767003299735391580e-02 7.535357037199253227e+01 -1.408794802098906871e+02 -1.202145379162549716e+03 1.289052199290900091e+02 -2.446861442329799047e+03 -1.171026115626182360e+02 -2.715907252942845389e+02 1.085349684118884142e+02 -4.197673439704501658e-02 1.697764387981464562e+00 -4.225868331336699317e-04 -3.200237827640055155e+00 1.217678861696697368e+03 -1.812468999355935750e+00 -8.169147152410380919e-01 8.556078102196714497e+00
-4.220896227333144957e+00 1.134634021611532761e-01 2.109580293059715643e+02 1.780530521154969625e-01 1.723194925594494498e+00 -8.244798892425615408e-03 -9.812942949040096008e-02 -2.373728553415715936e+01 -1.122126569447368496e+02 3.531437516814782640e+01 -1.387134587762447691e+00 -7.967302235359316129e-03 -4.034614288278692285e-01 -1.617042733249448260e-04 -1.531076992070570242e+01 -5.457727114711319771e+00 3.172238261700288664e-01 -1.173420782788240757e+02 9.809585006197369880e-03 2.860658488923139231e+00 3.216181463109702987e-01 9.118647647209922047e-01 -1.149914500803489448e+00 -4.971005539442855614e+00 -1.571683479978793940e+01 4.592020185090848507e-03 1.551232217542860115e+00 3.347952837841742912e+00 1.410982251501343397e-02 -3.976169602097866740e+00 -3.826401139564103548e+00 -2.600448864068386629e-02 8.591339491312615095e-01 -1.279891282976032274e+00 -1.014096216651236233e+02 -3.992698783018744368e+00 -4.152483084383869483e-01 -4.394556312443711511e-03 3.986424241156636405e+00 -4.746429316672295506e+00 -1.273982758719317587e+02 7.563873192309616300e+00 -4.040100789213620942e+02 -1.195706415380438337e+01 -2.514636784655533219e+01 6.392618994512947239e+00 -3.742049359295608352e-03 9.906077608049040917e-02 -3.610035080371773626e-05 -3.308763852297358921e-01 7.363146922785556114e+01 -3.620474168908913160e-01 -2.281231991966487238e-01 3.427962365459612526e-01
-2.292723460182856243e+01 -1.108460471598487485e-01 1.021227748377785019e+03 8.927071235803291094e-01 9.467516383574050565e+00 7.146283276019467501e-03 9.710475014869711374e-02 -1.787672897325647909e+02 -4.846501339163269790e+02 1.843079291686219392e+02 -1.875347832285791938e+00 4.133723566714273684e-02 3.137418282859411600e-01 7.664007506145065120e-04 -8.910911698212829890e+01 -1.725469032249311141e+01 1.279880868454047027e+00 -5.837675183757360173e+02 2.119030555767024981e-02 1.101975219946480422e+01 9.118647647209922047e-01 4.743152561036991344e+00 -5.646956037335677081e+00 -3.419081244637926886e+01 -8.477688611359386073e+01 -2.936913163228247522e-03 -1.191163599180867116e+00 3.919566342417147187e+00 2.956749728907060240e-02 -5.333101618541881805e+00 -1.431572004707691192e+01 -1.029326117695256032e-01 5.206046767541739229e+00 1.112345794303021496e+00 -4.693537648880690085e+02 -1.535850299924132045e+01 -1.176480642656606790e+00 -4.239927645173845183e-02 5.369938669356688621e+00 -7.070139789296550248e+01 -5.254086067388996071e+02 3.079716060535446687e+01 -2.181008973778704330e+03 -5.271235626515251482e+01 -1.326427865020482386e+02 2.525847829265152455e+01 -2.023973537840545109e-02 3.819309392591923036e-01 -1.679953843987609435e-04 -1.449487669515418631e+00 3.160036103983427438e+02 -1.119089739588287197e-01 1.220761252368313399e-01 8.238088612837440650e+00
1.782536701031486714e+01 9.850948100877300606e-02 -1.153897384680893765e+03 -9.081658045734771756e-01 -6.465238684541532166e+00 -5.969129586322794237e-03 -8.681505882618104075e-02 1.954705513968766297e+02 5.545345331888763667e+02 -2.077852112723920470e+02 1.332529425763849851e+01 -4.601202041868344972e-02 -2.453497469815035803e-01 -8.898205603029384200e-04 1.056085929628481495e+02 2.127408650447334537e+01 -1.519613293536649978e+00 6.584159700326124494e+02 -3.866178753360452469e-02 -1.534557617658041195e+01 -1.149914500803489448e+00 -5.646956037335677081e+00 7.000859050507254544e+00 3.692871090433094849e+01 8.548672295178180036e+01 1.979360374029794870e-03 8.998521593213533176e-01 -6.243548204098306798e+00 -4.148837322526105487e-02 1.404286323895913213e+01 2.154932852333807958e+01 1.483786380458883003e-01 -5.595057007379558911e+00 -9.156445942548280259e-01 5.327990346548165235e+02 2.140028313218131117e+01 1.483936647799279251e+00 4.457426340511723428e-02 -1.407672086874660167e+01 8.306384186768754319e+01 6.170836276209821563e+02 -4.381234994625425827e+01 2.254331858445366379e+03 6.160636420961483850e+01 1.530550167489861906e+02 -3.624274126666745843e+01 2.344430545458361589e-02 -5.546298155913643724e-01 2.031708022409807262e-04 1.691361156436711921e+00 -4.374165812897840624e+02 2.706388891243444172e-01 -6.918468105751938990e-02 -8.683792742604332204e+00
2.902444542553074598e+02 1.258721911270017424e+00 -8.074931357874365858e+03 -8.513242009848875469e+00 -1.312439418947187164e+02 -8.760979428354281895e-02 -1.094051018455791668e+00 1.602385130212608829e+03 3.648674141907655212e+03 -1.491074478765079448e+03 -1.327274853023769197e+02 -3.436778883088902337e-01 -3.991656603613859655e+00 -5.826030124370562731e-03 6.608731101786520412e+02 1.001491250610930024e+02 -8.778371522506382973e+00 4.655532014954398619e+03 5.339381370621318346e-02 -4.831028649150039911e+01 -4.971005539442855614e+00 -3.419081244637926886e+01 3.692871090433094849e+01 3.108887492966970854e+02 8.070002804623612747e+02 4.272107115163827074e-02 1.556342711244119847e+01 1.270447331698817273e+01 -6.230901958681789310e-02 -7.776493463233516934e+01 4.226758332364287440e+01 3.938274638273978057e-01 -4.673961936547165408e+01 -1.351959834197076837e+01 3.644339666020855475e+03 6.716387001444044813e+01 6.408226683487942665e+00 4.133751573361113540e-01 7.740000397795496667e+01 5.828251834310709683e+02 3.731196376834946932e+03 -1.258050258210130465e+02 2.018535099235750749e+04 3.841005633860921193e+02 1.027907300338315508e+03 -9.921650081196139581e+01 1.560233036541826268e-01 -1.409665884139032377e+00 1.175050164880102159e-03 1.054704627301844511e+01 -1.451653748634034173e+03 -3.567197548176032740e+00 -1.968104703460845650e+00 -8.332050925453575019e+01
1.102843159746822721e+03 4.677368392617349713e+00 -2.297700022239702230e+04 -2.759024829849599669e+01 -5.214437578543769405e+02 -3.253849838770333514e-01 -4.064586537568229296e+00 3.944147527132173764e+03 1.091936070051092611e+04 -4.122688792213121815e+03 -7.174200123995385638e+02 -9.935009572065230943e-01 -1.560167139679777115e+01 -1.619896222693286911e-02 1.542498392158188381e+03 3.348824427883888006e+02 -2.629712019092216480e+01 1.310756767921350183e+04 2.199472684276675138e-01 -7.807955041358485460e+01 -1.571683479978793940e+01 -8.477688611359386073e+01 8.548672295178180036e+01 8.070002804623612747e+02 2.546948526496997147e+03 1.689143094140386492e-01 6.093923884312860650e+01 -8.027146775633212883e+01 -4.311662798835550481e-01 -2.666072929814040435e+02 7.090971474996761614e+00 4.135962656673233262e-01 -1.298968861746194818e+02 -5.180005108858587448e+01 1.059468592357065609e+04 1.082589453701899060e+02 2.026200129037875541e+01 1.006224090769568535e+00 2.651419790223250743e+02 9.323640311208056346e+02 1.089552721315352028e+04 -1.531587851701611385e+02 6.103340749509552552e+04 1.102085440613597257e+03 2.687603291328658997e+03 -1.143516737860094850e+02 3.987161960306589981e-01 -1.390771669281534173e+00 3.012689840655214529e-03 3.059015182858425419e+01 -2.231479663706484189e+03 8.708845536902405371e+00 -8.040210397744065318e+00 -1.704752386855112434e+02
9.210962120445009838e-02 2.114438587933519798e-01 -1.384125096431164881e+00 -1.886369829705652210e-03 -4.533643132681773602e-02 -1.688792164345586169e-02 -1.810131183508764952e-01 2.385989103217416030e-01 6.506956206832417156e-01 -2.068438244685168459e-01 -7.551236153487204950e-02 -2.784565764824693812e-02 -6.883996755793047040e-01 -5.485301556724931065e-04 4.619160504689773239e-02 -9.733585005406321378e-02 -1.108048169131406729e-03 7.940119290223053294e-01 -9.868875758145083377e-05 1.542716513815678946e-02 4.592020185090848507e-03 -2.936913163228247522e-03 1.979360374029794870e-03 4.272107115163827074e-02 1.689143094140386492e-01 9.042242041874509750e-03 2.599825693181164521e+00 -5.137525960915528996e-03 -2.903938161783864888e-05 4.328582492982364222e-02 -1.530328215020762203e-02 -6.928557674108346465e-05 -7.154639400509180472e-03 -2.197837463349337384e+00 6.416744884545095839e-01 -2.154245587160818348e-02 -5.942063958343137518e-03 6.924126872070616523e-05 -4.330613087307658843e-02 -4.143497930227101403e-03 -1.410659158693748694e+00 1.954852053500000936e-02 4.707231676747225535e+00 4.578943838763390589e-02 1.188507022059030749e-01 1.651830663008786726e-02 1.680135132881093688e-05 2.635170560020523383e-04 1.994104150265289463e-07 1.418539187719583062e-03 1.716989707600097004e-01 7.617710629538242909e-04 -4.447123986739550117e-01 -1.158349200093674453e-02
3.261474474220028696e+01 6.606237463387724063e+01 -4.972311693951623965e+02 -6.735921905732059622e-01 -1.602942281215047160e+01 -4.853400349702889471e+00 -5.707939831568626943e+01 8.454970896739439468e+01 2.350647629471736195e+02 -7.701930758156241552e+01 -2.616246632485657742e+01 -8.001364755409117180e+00 -2.226595252577943427e+02 -1.573714770001764240e-01 1.916593844991214723e+01 -3.314087830428046288e+01 -4.306696548529800883e-01 2.850942356576297243e+02 -3.597161118310500394e-02 4.898637178950643545e+00 1.551232217542860115e+00 -1.191163599180867116e+00 8.998521593213533176e-01 1.556342711244119847e+01 6.093923884312860650e+01 2.599825693181164521e+00 8.475228300995850077e+02 -2.160997837814508937e+00 -1.065875893004942024e-02 1.596822592306126154e+01 -4.704948812066980679e+00 -2.028239374191900812e-02 -2.619454743347187975e+00 -7.153826578854439049e+02 2.309524172171201997e+02 -6.845254323952919329e+00 -2.007740827141283546e+00 2.400857520127036571e-02 -1.597456499155844867e+01 1.578507765079058878e+00 -4.462487070826270497e+02 5.531323439883000681e+00 1.640666696739398503e+03 1.773324650387908719e+01 4.499658637206511713e+01 4.790441617267229724e+00 6.445040559726191581e-03 7.863968180083193149e-02 7.514260060350440990e-05 5.370346131144471125e-01 4.403220366723014934e+01 2.948795421794690452e-01 -1.273730969391017283e+02 -3.982242120156625376e+00
-3.295910464880126511e+01 -2.130941291893566625e-01 1.207164453053153466e+03 1.240572041703725370e+00 1.496020495093009117e+01 1.044504248625490427e-02 1.906121610088498119e-01 1.494631841288240537e+02 -9.057134007339722075e+02 1.727779782547585512e+02 -1.314156885653297735e+01 3.685074299908813050e-02 6.259030282005767498e-01 7.172345137661399533e-04 -1.763733504982041467e+01 -6.696568782871375447e+01 3.273076713591922537e+00 -6.147620656678429896e+02 1.914051776366953450e-01 2.536019377532696595e+01 3.347952837841742912e+00 3.919566342417147187e+00 -6.243548204098306798e+00 1.270447331698817273e+01 -8.027146775633212883e+01 -5.137525960915528996e-03 -2.160997837814508937e+00 8.367889800154179625e+01 2.610087784831985891e-01 -9.199515193379133393e+01 -3.857831321472835384e+01 -2.399993852532782412e-01 1.134463235819554328e+00 2.113251242413920927e+00 -6.932369262361876281e+02 -3.551877287500725799e+01 -4.323700320837773781e+00 6.824466763391691393e-02 9.214279882418964007e+01 2.162597314473969448e+02 -1.078146710104786052e+03 6.601529132558823676e+01 -1.467004213444733068e+03 -1.027941943712249753e+02 -1.111795479941919069e+02 5.995120301559832399e+01 -1.378660878583969594e-02 9.700909429238492310e-01 -2.769552826503953922e-04 -2.888313537879843906e+00 5.720115229129404497e+02 -1.019408721232366766e+01 2.605208333443002622e-01 -2.946159876022001711e+01
-1.040097059656745204e-01 -1.107652856188843984e-03 7.348124668152514083e+00 5.547515346685216384e-03 3.932751059669490484e-02 6.596837020899044628e-05 9.768104339118711087e-04 -1.895636537489260309e-01 -4.483377729144438106e+00 1.100656784859664894e+00 -1.321947577206374902e-01 2.973253327546464047e-04 3.045849163159729863e-03 5.593700444454882776e-06 -4.185177376875817701e-01 -2.822625757735888197e-01 1.320287908130948588e-02 -3.931903407781033533e+00 6.374325247635850757e-04 1.309579733078255204e-01 1.410982251501343397e-02 2.956749728907060240e-02 -4.148837322526105487e-02 -6.230901958681789310e-02 -4.311662798835550481e-01 -2.903938161783864888e-05 -1.065875893004942024e-02 2.610087784831985891e-01 1.452111091385121545e-03 -2.979411140132187108e-01 -1.954620398747432819e-01 -1.304305450686607352e-03 1.845072422422493544e-02 1.047522141460821218e-02 -3.738583614231838936e+00 -1.831082809365500719e-01 -1.822203518639657974e-02 5.464262230935046372e-05 2.983368045355436760e-01 2.419440563725264171e-01 -5.234488351868044731e+00 3.555254825940756258e-01 -1.218014195569892344e+01 -4.572414046255797726e-01 -7.826601187061891229e-01 3.107472006042909518e-01 -1.189568557319605293e-04 5.093983099780368708e-03 -1.046215930674581923e-06 -1.266943333115510759e-02 2.879360908302748268e+00 -2.726162370136439930e-02 1.319394525753325199e-03 -4.758096363742565782e-02
