5.137079080053559665e+03 -2.488185509263894346e+04 -5.692189966046180416e+02 -3.447162706813435307e+03 2.065787094073205310e+01 4.017131505038916202e+03 1.068876920249397153e+04 -4.065277746088688673e+03 -3.929855171604604038e+03 -1.979724562900635476e+02 6.320085164276304113e+02 1.745114817232035875e+02 1.392592364780641765e+04 1.401007368878547936e+02 8.653710512330038682e+02 2.208203931809991445e+03 1.966941082462538049e+01 1.511043831246153957e+02 -1.255997826377702324e+02 -2.168546941542455198e-01 -3.854860182741538210e+02 -4.645182188962578174e+00 -5.230170072388186782e+02 1.988447874887566229e+02 1.180660797876272409e+04 -1.789959036396964507e+02 4.642525926197511588e+00 3.832886627629465011e+02 -4.896828296385440353e+02 8.216452596868908586e+03 7.421343972144595682e+02 6.478721979364841536e+04 8.972601700707605232e+02 1.675310909923499594e+03 4.759388889403870735e+02 5.439003635343773624e+00 1.467893480161522803e+03 1.053307206857628842e+02 0.000000000000000000e+00 -1.663109132089322770e+02
-2.488185509263894346e+04 3.196552062088961247e+05 4.800359952599372264e+03 1.439575009761831097e+04 6.079692275909608270e+02 -5.203422700095591426e+04 -1.376943892543665133e+05 5.271432685278115969e+04 1.076099258072622979e+04 -6.125824798094588914e+03 -1.630200021677770746e+04 -4.078523777759637142e+03 -1.788893229699502117e+05 5.094882139090768760e+03 -1.157977832894090534e+04 -1.973121223075835951e+04 5.833339189128932958e+02 4.829055088208140660e+03 1.474735282442550442e+03 -3.029304622947367687e+00 -5.906923810793817893e+02 -5.858311337640004979e+01 4.617589696496731449e+03 6.152839456320714817e+03 -1.512981775647689356e+05 -6.422057364010304809e+03 -1.327285033226004600e+02 6.219973781840033098e+02 -4.208995659806171716e+03 -1.420296308217640326e+05 1.438061791457277832e+04 -6.644601081831156043e+05 -1.480570334369873126e+04 -3.060396443524034839e+04 7.891950528023253355e+03 5.780334159588323217e+01 5.989118753919314622e+04 -1.065656044745915551e+03 0.000000000000000000e+00 2.256896686661313652e+03
-5.692189966046180416e+02 4.800359952599372264e+03 8.673916168569893159e+01 3.552802368963478443e+02 7.629111240115461712e+00 -8.091076225268919870e+02 -2.040730724688965438e+03 7.957758218741437304e+02 3.507341602751175174e+02 -7.640704309910491077e+01 -1.981728438026248114e+02 -4.745351866094591031e+01 -2.696374985994115832e+03 3.367471474994185598e+01 -1.810437643273682511e+02 -3.446605951816324023e+02 7.125010510093800598e+00 6.097559581633245074e+01 1.785585518435982522e+01 -4.581097171663395251e-02 3.052000957044813134e+01 -1.775599972588798037e-01 8.063310615494539491e+01 7.674483020838289349e+01 -2.267049736397757897e+03 -4.228182657627122865e+01 -1.455457203987909898e+00 -3.007071141321090124e+01 -5.230183113845988885e+00 -1.905920173224749078e+03 6.920846044794180330e+01 -1.110809997108267453e+04 -2.061879297909291040e+02 -4.165531367837309631e+02 3.375191361472523965e+01 1.221177205522517850e-01 3.968722330265291589e+02 -1.787475446304695481e+01 0.000000000000000000e+00 3.566347808174225520e+01
-3.447162706813435307e+03 1.439575009761831097e+04 3.552802368963478443e+02 2.343312051033126409e+03 -2.496493501066584386e+01 -2.274063038359376151e+03 -6.218632586841344164e+03 2.336431840601309432e+03 2.731968037587172148e+03 2.429916844866664576e+02 -2.765967655525623741e+02 -8.673707469010685145e+01 -8.043122034349480600e+03 -1.485257909663775990e+02 -4.821499669955512672e+02 -1.368857024050679911e+03 -2.362049285144018640e+01 -1.884591124986842772e+02 8.209263158665795856e+01 2.248391532857059172e-01 2.694604069426459318e+02 3.882707210375979656e+00 3.249784677643974078e+02 -2.440636163379796812e+02 -6.847994511978668015e+03 1.889316732174964955e+02 -2.094777616442971890e+00 -2.682055609018678979e+02 4.040508656904078180e+02 -4.406422949236089153e+03 -6.662751489004883751e+02 -3.901198286004749389e+04 -4.833280568329571452e+02 -8.619475766376451702e+02 -4.152340735760542429e+02 -4.449154635770182331e+00 -1.606166616705832439e+03 -6.366596769696521108e+01 0.000000000000000000e+00 9.055495352998762826e+01
2.065787094073205310e+01 6.079692275909608270e+02 7.629111240115461712e+00 -2.496493501066584386e+01 1.304601777870384360e+01 -1.036248760839801548e+02 -2.578789271399755876e+02 7.412719408914740882e+01 -3.778599000733967728e+01 -1.315962589895624433e+02 -1.267254223676544278e+01 -3.719707554891377388e+00 -3.432582698529681693e+02 9.816567588909492770e-01 -2.470317350707190940e+01 -2.716553274049907429e+01 1.275430943162843356e+01 1.050430694633391511e+02 -8.946325338246183811e-01 -1.025823941773172515e-01 7.540348678145578631e+00 7.424343623685181540e-03 4.425528962075046202e+00 1.321767809123110453e+02 -2.894875587151983609e+02 -1.226933807744121863e+00 -1.346692975521861235e-01 -7.473181225726396981e+00 1.287361898304126306e+01 -2.148113476834290623e+02 -2.059237839933828695e+00 -1.534275705626471563e+03 -2.715807832898744323e+01 -4.359198693877882391e+01 -1.003561171389058870e+00 -6.185572084888794203e-03 -6.603993258911198261e+00 -1.839596349511390727e+00 0.000000000000000000e+00 3.675167644468050110e+00
4.017131505038916202e+03 -5.203422700095591426e+04 -8.091076225268919870e+02 -2.274063038359376151e+03 -1.036248760839801548e+02 1.175926121018190133e+04 1.953234291955649314e+04 -9.402372924238037740e+03 -1.848021475295374557e+03 1.065698361783447126e+03 3.455078918532231910e+03 2.729663948935543090e+02 2.999762410923778589e+04 -5.527414918652798406e+02 2.665595729089278393e+03 3.381259637257695886e+03 -1.027652234401116402e+02 -8.470477483692449141e+02 3.749447498649691966e+02 9.710236829535059400e-01 -6.639181308473058607e+02 5.293807356852040513e+00 -8.807101406292817956e+02 -1.070390977594904143e+03 2.331753636121396630e+04 6.945369732935984075e+02 9.754581313505154228e+00 6.616932286181231575e+02 2.780263278309038924e+03 1.912537280908400498e+04 -1.627540526516197360e+03 1.189757556126823474e+05 2.097124697170903346e+03 5.644886845972152514e+03 -8.182683541717065054e+02 -4.409064882490421056e+00 -7.275548283202407220e+03 1.865808213902326429e+02 0.000000000000000000e+00 -7.981461624790134692e+02
1.068876920249397153e+04 -1.376943892543665133e+05 -2.040730724688965438e+03 -6.218632586841344164e+03 -2.578789271399755876e+02 1.953234291955649314e+04 6.184469458167718403e+04 -2.200906314478193963e+04 -4.484559670019551049e+03 2.577987236070738618e+03 6.339261317590716317e+03 2.102316505202253211e+03 7.629294472550708451e+04 -2.458422410646402113e+03 4.306878927574497538e+03 8.335369653026729793e+03 -2.442015288650749198e+02 -2.025757331969859933e+03 -1.177825104559672127e+03 8.890366218235639106e-01 9.498196682300349494e+02 2.930389658648590512e+01 -1.873789623657790798e+03 -2.589362894110673096e+03 6.633129823654358916e+04 3.100829589916206714e+03 6.771555127050113754e+01 -9.658900646765825968e+02 -1.624436551489225167e+01 6.476958260674701887e+04 -6.895951967900418822e+03 2.760925602625474567e+05 6.667862426249141208e+03 1.263026345631456206e+04 -3.852865432023117592e+03 -2.965658701613397596e+01 -2.828301977862526473e+04 4.475159150525224163e+02 0.000000000000000000e+00 -5.922620137217542151e+02
-4.065277746088688673e+03 5.271432685278115969e+04 7.957758218741437304e+02 2.336431840601309432e+03 7.412719408914740882e+01 -9.402372924238037740e+03 -2.200906314478193963e+04 9.069001197293504447e+03 1.709237138161451867e+03 -7.254200592350304078e+02 -3.001285562819309689e+03 -5.934503731888202083e+02 -2.974086180677498123e+04 8.634542247268043411e+02 -2.113251783958839496e+03 -3.287440869851212938e+03 6.539631741737953519e+01 5.694276072774912336e+02 1.221679822546058460e+02 -3.958708534540567037e-01 4.628979437025421362e+00 -1.013552338012481080e+01 7.987895377159636610e+02 7.286322665604129725e+02 -2.466007603465572174e+04 -1.088227269907612708e+03 -1.965411091470530636e+01 2.899914554025428970e-02 -1.276348230801558657e+03 -2.286249135786651459e+04 2.521114711287097180e+03 -1.096017381830592349e+05 -2.431544160077091874e+03 -5.369723384750910554e+03 1.376839956808584247e+03 9.929088096888781578e+00 1.054319549404797363e+04 -1.797582112703703672e+02 0.000000000000000000e+00 4.733248500167107409e+02
-3.929855171604604038e+03 1.076099258072622979e+04 3.507341602751175174e+02 2.731968037587172148e+03 -3.778599000733967728e+01 -1.848021475295374557e+03 -4.484559670019551049e+03 1.709237138161451867e+03 3.397914963445732610e+03 3.631352599280335198e+02 8.004011220453890019e+01 2.352679874043222696e+01 -6.046721861405529125e+03 -4.119338378095660573e+02 -3.885408453058272471e+02 -1.358162419114082240e+03 -3.434341662231588543e+01 -2.794012393141769621e+02 2.183578238758094869e+01 2.514564568300304837e-01 4.780301758326663162e+02 8.041923649597944035e+00 3.174279107411721839e+02 -3.647396188339922674e+02 -5.054846382985786477e+03 5.218878345427414160e+02 1.737407172428666158e+00 -4.774145714767013828e+02 5.937067006215702349e+02 -1.728211072729285661e+03 -1.541436960745341821e+03 -3.692363077905630780e+04 -2.204547811025491342e+02 -3.331991710907840911e+02 -9.222669193016229201e+02 -8.875945187733126573e+00 -4.728418420736239568e+03 -5.738697025496588822e+01 0.000000000000000000e+00 8.596891760704608032e+01
-1.979724562900635476e+02 -6.125824798094588914e+03 -7.640704309910491077e+01 2.429916844866664576e+02 -1.315962589895624433e+02 1.065698361783447126e+03 2.577987236070738618e+03 -7.254200592350304078e+02 3.631352599280335198e+02 1.440926398619079009e+03 1.183854805838158910e+02 3.047963212221431917e+01 3.463982445282127628e+03 5.392512356325083189e-01 2.480594621587116535e+02 2.724978878531322835e+02 -1.547185282782702131e+02 -1.147645245665476750e+03 1.396436504984791505e+01 1.037566017512992822e+00 -8.611990577333013164e+01 -2.308064708929900566e-01 -4.427731588421126929e+01 -1.447213931343310833e+03 2.907053260959575709e+03 -8.229558060406940712e-01 1.125543940338012971e+00 8.547124265064472581e+01 -1.281154102847239074e+02 2.011309253338683675e+03 5.281758678021878239e+01 1.574040982411060395e+04 2.621416824601404869e+02 4.223750973351964149e+02 2.888228773721760945e+01 2.301914577214213276e-01 1.789565331876612504e+02 1.828480413495031343e+01 0.000000000000000000e+00 -4.016573355406496404e+01
6.320085164276304113e+02 -1.630200021677770746e+04 -1.981728438026248114e+02 -2.765967655525623741e+02 -1.267254223676544278e+01 3.455078918532231910e+03 6.339261317590716317e+03 -3.001285562819309689e+03 8.004011220453890019e+01 1.183854805838158910e+02 1.320741954318097442e+03 1.639394840615908038e+02 9.337514243123907363e+03 -4.146558521193258571e+02 7.692186909797874250e+02 8.540280330717345123e+02 -9.402197295595531301e+00 -8.901595517866560670e+01 5.833002836830254978e+01 7.022253058532303138e-02 2.576281703781980781e+01 5.547810435114462813e+00 -2.369021771860531089e+02 -1.189119257266866470e+02 7.382875000578619620e+03 5.228472753549599474e+02 6.029564390226360260e+00 -2.670905615972144176e+01 1.106704044303925684e+03 7.208562158027209989e+03 -1.340291282013739647e+03 3.054593369138885100e+04 7.458263675137330893e+02 1.969712344189938904e+03 -7.331839667790535486e+02 -5.479501041339659650e+00 -5.236540745438689555e+03 5.151518790507044088e+01 0.000000000000000000e+00 -2.282452562384844725e+02
1.745114817232035875e+02 -4.078523777759637142e+03 -4.745351866094591031e+01 -8.673707469010685145e+01 -3.719707554891377388e+00 2.729663948935543090e+02 2.102316505202253211e+03 -5.934503731888202083e+02 2.352679874043222696e+01 3.047963212221431917e+01 1.639394840615908038e+02 1.108181686253744260e+02 2.176229448753918859e+03 -1.382192150937345616e+02 5.464428823397077650e+01 1.927782037100804757e+02 -2.198919776005862747e+00 -2.202106292193798609e+01 -9.367925789302879025e+01 -5.585567430755953439e-02 1.279518338426342723e+02 1.933168148784484508e+00 -3.649734332640124990e+01 -3.061682716035430118e+01 2.081581569952289101e+03 1.746519544388670795e+02 3.539682459254902547e+00 -1.286909018793364226e+02 -1.285675888125471431e+02 2.501759572215658864e+03 -4.079808269043840028e+02 6.202849185267333269e+03 2.394830576551450463e+02 3.608016259425189673e+02 -2.373560843806914704e+02 -2.062261887821682294e+00 -1.517969001075936376e+03 1.081719635527014134e+01 0.000000000000000000e+00 2.072646240980230914e+01
1.392592364780641765e+04 -1.788893229699502117e+05 -2.696374985994115832e+03 -8.043122034349480600e+03 -3.432582698529681693e+02 2.999762410923778589e+04 7.629294472550708451e+04 -2.974086180677498123e+04 -6.046721861405529125e+03 3.463982445282127628e+03 9.337514243123907363e+03 2.176229448753918859e+03 1.003594894472762535e+05 -2.782937821697250001e+03 6.689626381281234899e+03 1.109217172131484404e+04 -3.301863143899785769e+02 -2.732598345143631377e+03 -6.696730163351737701e+02 1.841091635298336415e+00 1.235381388070414346e+02 3.175956200479171088e+01 -2.619756822472003478e+03 -3.479256806924036027e+03 8.433861659266668721e+04 3.507318037808012832e+03 7.104430374577678720e+01 -1.403392605479355097e+02 2.895518944358076624e+03 7.841244019769775332e+04 -7.880742439561481660e+03 3.745188402610442718e+05 8.213025963343190597e+03 1.731385791353736204e+04 -4.306063099496382165e+03 -3.113042158589694708e+01 -3.296972612793232838e+04 6.004075463439204441e+02 0.000000000000000000e+00 -1.375550862723280261e+03
1.401007368878547936e+02 5.094882139090768760e+03 3.367471474994185598e+01 -1.485257909663775990e+02 9.816567588909492770e-01 -5.527414918652798406e+02 -2.458422410646402113e+03 8.634542247268043411e+02 -4.119338378095660573e+02 5.392512356325083189e-01 -4.146558521193258571e+02 -1.382192150937345616e+02 -2.782937821697250001e+03 2.993565600178670820e+02 -1.108403380166260064e+02 -1.138824141725250740e+02 -1.244308376245301995e+00 -5.675348818528690664e+00 9.091217311664631495e+01 9.055598542871706735e-02 -2.372340872347723746e+02 -4.512046483168279387e+00 3.631800058211061355e+01 -5.383730499745995601e-01 -2.522480891263105605e+03 -3.782457349389250112e+02 -4.956386254542913150e+00 2.380784365166839507e+02 -1.612120088548709873e+02 -3.362586661179753264e+03 9.742434609244342028e+02 -4.481544470050465861e+03 -3.240848049417876382e+02 -6.246591335450092402e+02 5.593407527614330093e+02 4.746630842145264317e+00 3.599376023446377530e+03 -1.164259973054448594e+01 0.000000000000000000e+00 2.928947252846453964e+00
8.653710512330038682e+02 -1.157977832894090534e+04 -1.810437643273682511e+02 -4.821499669955512672e+02 -2.470317350707190940e+01 2.665595729089278393e+03 4.306878927574497538e+03 -2.113251783958839496e+03 -3.885408453058272471e+02 2.480594621587116535e+02 7.692186909797874250e+02 5.464428823397077650e+01 6.689626381281234899e+03 -1.108403380166260064e+02 6.125705335553831219e+02 7.671884438418313721e+02 -2.316043644202043339e+01 -1.975497118804925663e+02 9.207136929315433349e+01 2.411415037093514180e-01 -1.572389431770936596e+02 1.007354230978208198e+00 -1.974722393091115862e+02 -2.491554539644158410e+02 5.177073765146894402e+03 1.392156003626031406e+02 1.932073538470178820e+00 1.567414687437741918e+02 6.172511215012136745e+02 4.224417718827171484e+03 -3.220549698560384968e+02 2.686071975288358590e+04 4.739956282282676057e+02 1.281306041441984917e+03 -1.608555599136796559e+02 -8.185920939777309169e-01 -1.486940922043934734e+03 4.191934750242520380e+01 0.000000000000000000e+00 -1.811722346196956437e+02
2.208203931809991445e+03 -1.973121223075835951e+04 -3.446605951816324023e+02 -1.368857024050679911e+03 -2.716553274049907429e+01 3.381259637257695886e+03 8.335369653026729793e+03 -3.287440869851212938e+03 -1.358162419114082240e+03 2.724978878531322835e+02 8.540280330717345123e+02 1.927782037100804757e+02 1.109217172131484404e+04 -1.138824141725250740e+02 7.671884438418313721e+02 1.463987017663947199e+03 -2.525892379278652200e+01 -2.180952818550912014e+02 -5.951613701200163575e+01 1.643540715966047283e-01 -1.617699608761323873e+02 2.475664950057601121e-01 -3.289053719268441682e+02 -2.737030139049184640e+02 9.288075641102122972e+03 1.427027421749287441e+02 5.870792140367348644e+00 1.600191380227881268e+02 9.560146447148409266e+01 7.873955552987705232e+03 -1.930289642946659683e+02 4.637053325841038895e+04 8.594707779696512944e+02 1.783631613687158733e+03 -8.317514504524936569e+01 3.645166249517806101e-02 -1.326654484385909655e+03 7.189840640357782320e+01 0.000000000000000000e+00 -1.553964781370024468e+02
1.966941082462538049e+01 5.833339189128932958e+02 7.125010510093800598e+00 -2.362049285144018640e+01 1.275430943162843356e+01 -1.027652234401116402e+02 -2.442015288650749198e+02 6.539631741737953519e+01 -3.434341662231588543e+01 -1.547185282782702131e+02 -9.402197295595531301e+00 -2.198919776005862747e+00 -3.301863143899785769e+02 -1.244308376245301995e+00 -2.316043644202043339e+01 -2.525892379278652200e+01 1.860066635243009614e+01 1.227652073479693229e+02 -1.698468379825335273e+00 -1.007242173908597799e-01 9.210506598048301186e+00 3.820512166922699487e-02 3.977894511291824919e+00 1.553847840392980117e+02 -2.762496703856089653e+02 1.584182816054650722e+00 -8.265954624446396337e-02 -9.150695425544931538e+00 1.343080749526474094e+01 -1.736105094568173115e+02 -8.731650377243193262e+00 -1.532068822250510038e+03 -2.369617379021475756e+01 -3.766009033718847832e+01 -4.823463068258334374e+00 -3.846202285461599452e-02 -3.117257330957804129e+01 -1.691136743302284362e+00 0.000000000000000000e+00 4.003137125551828213e+00
1.511043831246153957e+02 4.829055088208140660e+03 6.097559581633245074e+01 -1.884591124986842772e+02 1.050430694633391511e+02 -8.470477483692449141e+02 -2.025757331969859933e+03 5.694276072774912336e+02 -2.794012393141769621e+02 -1.147645245665476750e+03 -8.901595517866560670e+01 -2.202106292193798609e+01 -2.732598345143631377e+03 -5.675348818528690664e+00 -1.975497118804925663e+02 -2.180952818550912014e+02 1.227652073479693229e+02 9.143659818466778688e+02 -1.294169226844526754e+01 -8.301293424339587501e-01 7.342653326034712791e+01 2.685485674571061465e-01 3.533448066245190233e+01 1.152654952416869492e+03 -2.289184928491602022e+03 7.288964856867430342e+00 -8.194587973447667872e-01 -7.292226094657419821e+01 1.037494920547616744e+02 -1.557472889277681588e+03 -5.959248781683471208e+01 -1.255481281996362668e+04 -2.046872439372021404e+02 -3.290603760763186187e+02 -3.323053276909867293e+01 -2.742237916481890525e-01 -2.041972514967934558e+02 -1.451435524680638167e+01 0.000000000000000000e+00 3.240439418774026592e+01
-1.255997826377702324e+02 1.474735282442550442e+03 1.785585518435982522e+01 8.209263158665795856e+01 -8.946325338246183811e-01 3.749447498649691966e+02 -1.177825104559672127e+03 1.221679822546058460e+02 2.183578238758094869e+01 1.396436504984791505e+01 5.833002836830254978e+01 -9.367925789302879025e+01 -6.696730163351737701e+02 9.091217311664631495e+01 9.207136929315433349e+01 -5.951613701200163575e+01 -1.698468379825335273e+00 -1.294169226844526754e+01 1.314029852121853423e+02 1.024785481026779382e-01 -1.513430194326189451e+02 -1.345654166379589123e+00 -1.541791012973262376e+00 -1.402437083452686295e+01 -9.543952789297891286e+02 -1.150856290128854624e+02 -2.896599380820618741e+00 1.520633231504194214e+02 3.702827935887708009e+02 -1.449819358030626063e+03 2.573878734101026566e+02 -6.076009692945331153e+02 -1.393187605619653482e+02 -4.225976077872801540e+01 1.577875286438455760e+02 1.508571661243067741e+00 9.503077225921239233e+02 -2.758699904145781812e+00 0.000000000000000000e+00 -7.152264036996112395e+01
-2.168546941542455198e-01 -3.029304622947367687e+00 -4.581097171663395251e-02 2.248391532857059172e-01 -1.025823941773172515e-01 9.710236829535059400e-01 8.890366218235639106e-01 -3.958708534540567037e-01 2.514564568300304837e-01 1.037566017512992822e+00 7.022253058532303138e-02 -5.585567430755953439e-02 1.841091635298336415e+00 9.055598542871706735e-02 2.411415037093514180e-01 1.643540715966047283e-01 -1.007242173908597799e-01 -8.301293424339587501e-01 1.024785481026779382e-01 9.297857083931331370e-04 -1.749221082824665430e-01 -1.559053130424254427e-03 -3.166136262698415055e-02 -1.042142775259665033e+00 1.284458176140735208e+00 -1.146602758159744329e-01 -1.565103053207428461e-03 1.748862046520281432e-01 8.053563150182201091e-02 2.555017202162809808e-01 3.088421208375139448e-01 1.052273674143068583e+01 9.323064209079165443e-02 2.343897742646334492e-01 1.824975315315196522e-01 1.697393592698775641e-03 1.004579678090028683e+00 1.166101553669740554e-02 0.000000000000000000e+00 -6.947648045487091195e-02
-3.854860182741538210e+02 -5.906923810793817893e+02 3.052000957044813134e+01 2.694604069426459318e+02 7.540348678145578631e+00 -6.639181308473058607e+02 9.498196682300349494e+02 4.628979437025421362e+00 4.780301758326663162e+02 -8.611990577333013164e+01 2.576281703781980781e+01 1.279518338426342723e+02 1.235381388070414346e+02 -2.372340872347723746e+02 -1.572389431770936596e+02 -1.617699608761323873e+02 9.210506598048301186e+00 7.342653326034712791e+01 -1.513430194326189451e+02 -1.749221082824665430e-01 4.126773066005117698e+02 3.805339766877394947e+00 4.197689433819923721e+01 8.649678171073882993e+01 5.895068664535419884e+02 3.001310010262604919e+02 3.898793143368155967e+00 -4.136579033616640118e+02 -2.825784402251220513e+02 1.837632271096406612e+03 -7.906931357116425261e+02 -6.220226467466701251e+03 1.654929372404681089e+02 7.328724749354805112e+01 -4.666079146895436338e+02 -4.112455599808588325e+00 -3.052939162985957410e+03 -3.979961850280375746e+00 0.000000000000000000e+00 9.863712931180201338e+01
-4.645182188962578174e+00 -5.858311337640004979e+01 -1.775599972588798037e-01 3.882707210375979656e+00 7.424343623685181540e-03 5.293807356852040513e+00 2.930389658648590512e+01 -1.013552338012481080e+01 8.041923649597944035e+00 -2.308064708929900566e-01 5.547810435114462813e+00 1.933168148784484508e+00 3.175956200479171088e+01 -4.512046483168279387e+00 1.007354230978208198e+00 2.475664950057601121e-01 3.820512166922699487e-02 2.685485674571061465e-01 -1.345654166379589123e+00 -1.559053130424254427e-03 3.805339766877394947e+00 7.096962401787049179e-02 -2.244420284005060606e-01 2.317828877446238556e-01 2.945851869710739379e+01 5.703294690778029974e+00 6.719806279223067280e-02 -3.816586037668885378e+00 2.372359907819165059e+00 4.401318130696688513e+01 -1.498070140360281144e+01 2.375157541537879524e+01 4.183360346450574418e+00 7.989931027881955750e+00 -8.667121705569572399e+00 -7.539167986143263667e-02 -5.369614924885759422e+01 1.084862317661792336e-01 0.000000000000000000e+00 9.605266820086205692e-02
-5.230170072388186782e+02 4.617589696496731449e+03 8.063310615494539491e+01 3.249784677643974078e+02 4.425528962075046202e+00 -8.807101406292817956e+02 -1.873789623657790798e+03 7.987895377159636610e+02 3.174279107411721839e+02 -4.427731588421126929e+01 -2.369021771860531089e+02 -3.649734332640124990e+01 -2.619756822472003478e+03 3.631800058211061355e+01 -1.974722393091115862e+02 -3.289053719268441682e+02 3.977894511291824919e+00 3.533448066245190233e+01 -1.541791012973262376e+00 -3.166136262698415055e-02 4.197689433819923721e+01 -2.244420284005060606e-01 8.061418089697446021e+01 4.447334522268622692e+01 -2.136664839664485498e+03 -4.557618850218262452e+01 -1.172143885290544363e+00 -4.164160214270992810e+01 -1.008093130892996214e+02 -1.761573691734188060e+03 8.792354451729811160e+01 -1.065716661250444668e+04 -1.913272346942432875e+02 -4.382895212961498714e+02 4.208250782161140080e+01 1.483564477791526892e-01 4.730785087053816937e+02 -1.712539610071480922e+01 0.000000000000000000e+00 4.882162754223411127e+01
1.988447874887566229e+02 6.152839456320714817e+03 7.674483020838289349e+01 -2.440636163379796812e+02 1.321767809123110453e+02 -1.070390977594904143e+03 -2.589362894110673096e+03 7.286322665604129725e+02 -3.647396188339922674e+02 -1.447213931343310833e+03 -1.189119257266866470e+02 -3.061682716035430118e+01 -3.479256806924036027e+03 -5.383730499745995601e-01 -2.491554539644158410e+02 -2.737030139049184640e+02 1.553847840392980117e+02 1.152654952416869492e+03 -1.402437083452686295e+01 -1.042142775259665033e+00 8.649678171073882993e+01 2.317828877446238556e-01 4.447334522268622692e+01 1.453528939833952109e+03 -2.919876812141896153e+03 8.224740742932850068e-01 -1.130601238083082771e+00 -8.584524722498909455e+01 1.286806225514285416e+02 -2.020252281624273564e+03 -5.304136109006738309e+01 -1.580973479354429037e+04 -2.633032370817951460e+02 -4.242464053333362699e+02 -2.900443977345881308e+01 -2.311634412630825530e-01 -1.797107271437139957e+02 -1.836567258418223147e+01 0.000000000000000000e+00 4.034170903941900121e+01
1.180660797876272409e+04 -1.512981775647689356e+05 -2.267049736397757897e+03 -6.847994511978668015e+03 -2.894875587151983609e+02 2.331753636121396630e+04 6.633129823654358916e+04 -2.466007603465572174e+04 -5.054846382985786477e+03 2.907053260959575709e+03 7.382875000578619620e+03 2.081581569952289101e+03 8.433861659266668721e+04 -2.522480891263105605e+03 5.177073765146894402e+03 9.288075641102122972e+03 -2.762496703856089653e+02 -2.289184928491602022e+03 -9.543952789297891286e+02 1.284458176140735208e+00 5.895068664535419884e+02 2.945851869710739379e+01 -2.136664839664485498e+03 -2.919876812141896153e+03 7.216593986155450693e+04 3.180484554772716820e+03 6.738435026440812692e+01 -6.056044647865384150e+02 1.093577678641531293e+03 6.881037069790071109e+04 -7.098013186617136853e+03 3.100339918191993493e+05 7.156908792372824792e+03 1.423907929139332555e+04 -3.927745602025645439e+03 -2.941241825306387980e+01 -2.943024089812945022e+04 5.004573928263870926e+02 0.000000000000000000e+00 -8.894953234752077833e+02
-1.789959036396964507e+02 -6.422057364010304809e+03 -4.228182657627122865e+01 1.889316732174964955e+02 -1.226933807744121863e+00 6.945369732935984075e+02 3.100829589916206714e+03 -1.088227269907612708e+03 5.218878345427414160e+02 -8.229558060406940712e-01 5.228472753549599474e+02 1.746519544388670795e+02 3.507318037808012832e+03 -3.782457349389250112e+02 1.392156003626031406e+02 1.427027421749287441e+02 1.584182816054650722e+00 7.288964856867430342e+00 -1.150856290128854624e+02 -1.146602758159744329e-01 3.001310010262604919e+02 5.703294690778029974e+00 -4.557618850218262452e+01 8.224740742932850068e-01 3.180484554772716820e+03 4.779271773850749128e+02 6.261470015166567649e+00 -3.011977425638613113e+02 2.025397409453403270e+02 4.244383543074944100e+03 -1.231066356242002030e+03 5.624070421717786303e+03 4.090359982744275271e+02 7.877789084150515464e+02 -7.068835812614727274e+02 -6.000770184238684024e+00 -4.547018042658932245e+03 1.465140613006552961e+01 0.000000000000000000e+00 -3.402051558667722020e+00
4.642525926197511588e+00 -1.327285033226004600e+02 -1.455457203987909898e+00 -2.094777616442971890e+00 -1.346692975521861235e-01 9.754581313505154228e+00 6.771555127050113754e+01 -1.965411091470530636e+01 1.737407172428666158e+00 1.125543940338012971e+00 6.029564390226360260e+00 3.539682459254902547e+00 7.104430374577678720e+01 -4.956386254542913150e+00 1.932073538470178820e+00 5.870792140367348644e+00 -8.265954624446396337e-02 -8.194587973447667872e-01 -2.896599380820618741e+00 -1.565103053207428461e-03 3.898793143368155967e+00 6.719806279223067280e-02 -1.172143885290544363e+00 -1.130601238083082771e+00 6.738435026440812692e+01 6.261470015166567649e+00 1.319253470424650576e-01 -3.921973959531311671e+00 -3.009859172337127742e+00 8.135339550733421277e+01 -1.443308189682099041e+01 1.909895872383830806e+02 7.824046818236354284e+00 1.223829539322781557e+01 -8.338684295579446015e+00 -7.110014255745004952e-02 -5.458339878469481476e+01 3.465599897551771003e-01 0.000000000000000000e+00 5.588821339280978240e-01
3.832886627629465011e+02 6.219973781840033098e+02 -3.007071141321090124e+01 -2.682055609018678979e+02 -7.473181225726396981e+00 6.616932286181231575e+02 -9.658900646765825968e+02 2.899914554025428970e-02 -4.774145714767013828e+02 8.547124265064472581e+01 -2.670905615972144176e+01 -1.286909018793364226e+02 -1.403392605479355097e+02 2.380784365166839507e+02 1.567414687437741918e+02 1.600191380227881268e+02 -9.150695425544931538e+00 -7.292226094657419821e+01 1.520633231504194214e+02 1.748862046520281432e-01 -4.136579033616640118e+02 -3.816586037668885378e+00 -4.164160214270992810e+01 -8.584524722498909455e+01 -6.056044647865384150e+02 -3.011977425638613113e+02 -3.921973959531311671e+00 4.146450217436030243e+02 2.841771768086031216e+02 -1.855483935245182920e+03 7.931223891166096109e+02 6.168360066614192874e+03 -1.673762258384302299e+02 -7.589868079744563545e+01 4.680266874942075219e+02 4.124453767170621177e+00 3.062881134339288110e+03 3.882871470334936959e+00 0.000000000000000000e+00 -9.883171964541477905e+01
-4.896828296385440353e+02 -4.208995659806171716e+03 -5.230183113845988885e+00 4.040508656904078180e+02 1.287361898304126306e+01 2.780263278309038924e+03 -1.624436551489225167e+01 -1.276348230801558657e+03 5.937067006215702349e+02 -1.281154102847239074e+02 1.106704044303925684e+03 -1.285675888125471431e+02 2.895518944358076624e+03 -1.612120088548709873e+02 6.172511215012136745e+02 9.560146447148409266e+01 1.343080749526474094e+01 1.037494920547616744e+02 3.702827935887708009e+02 8.053563150182201091e-02 -2.825784402251220513e+02 2.372359907819165059e+00 -1.008093130892996214e+02 1.286806225514285416e+02 1.093577678641531293e+03 2.025397409453403270e+02 -3.009859172337127742e+00 2.841771768086031216e+02 1.976612589712808131e+03 4.156095536251372664e+02 -6.810209133870052938e+02 8.535694262232627807e+03 2.965480894900063191e+01 1.075878769106405343e+03 -3.381666700642263095e+02 -2.003453157793600781e+00 -2.478154074718676384e+03 1.280063551573111980e+01 0.000000000000000000e+00 -3.266009959145065409e+02
8.216452596868908586e+03 -1.420296308217640326e+05 -1.905920173224749078e+03 -4.406422949236089153e+03 -2.148113476834290623e+02 1.912537280908400498e+04 6.476958260674701887e+04 -2.286249135786651459e+04 -1.728211072729285661e+03 2.011309253338683675e+03 7.208562158027209989e+03 2.501759572215658864e+03 7.841244019769775332e+04 -3.362586661179753264e+03 4.224417718827171484e+03 7.873955552987705232e+03 -1.736105094568173115e+02 -1.557472889277681588e+03 -1.449819358030626063e+03 2.555017202162809808e-01 1.837632271096406612e+03 4.401318130696688513e+01 -1.761573691734188060e+03 -2.020252281624273564e+03 6.881037069790071109e+04 4.244383543074944100e+03 8.135339550733421277e+01 -1.855483935245182920e+03 4.156095536251372664e+02 7.223678318995516747e+04 -9.903741985915705300e+03 2.626817231375837582e+05 7.306066232411093551e+03 1.380747259186390329e+04 -5.616117953600667533e+03 -4.552301156955241623e+01 -3.871155514871841297e+04 4.371351021195418411e+02 0.000000000000000000e+00 -4.866670033747354864e+02
7.421343972144595682e+02 1.438061791457277832e+04 6.920846044794180330e+01 -6.662751489004883751e+02 -2.059237839933828695e+00 -1.627540526516197360e+03 -6.895951967900418822e+03 2.521114711287097180e+03 -1.541436960745341821e+03 5.281758678021878239e+01 -1.340291282013739647e+03 -4.079808269043840028e+02 -7.880742439561481660e+03 9.742434609244342028e+02 -3.220549698560384968e+02 -1.930289642946659683e+02 -8.731650377243193262e+00 -5.959248781683471208e+01 2.573878734101026566e+02 3.088421208375139448e-01 -7.906931357116425261e+02 -1.498070140360281144e+01 8.792354451729811160e+01 -5.304136109006738309e+01 -7.098013186617136853e+03 -1.231066356242002030e+03 -1.443308189682099041e+01 7.931223891166096109e+02 -6.810209133870052938e+02 -9.903741985915705300e+03 3.276481765844253459e+03 -9.123528595657013284e+03 -9.506056997330564400e+02 -1.905066689679353658e+03 1.855212792902116234e+03 1.575864347878108518e+01 1.189041778678499577e+04 -3.042280474354648234e+01 0.000000000000000000e+00 1.885547565539582848e+01
6.478721979364841536e+04 -6.644601081831156043e+05 -1.110809997108267453e+04 -3.901198286004749389e+04 -1.534275705626471563e+03 1.189757556126823474e+05 2.760925602625474567e+05 -1.096017381830592349e+05 -3.692363077905630780e+04 1.574040982411060395e+04 3.054593369138885100e+04 6.202849185267333269e+03 3.745188402610442718e+05 -4.481544470050465861e+03 2.686071975288358590e+04 4.637053325841038895e+04 -1.532068822250510038e+03 -1.255481281996362668e+04 -6.076009692945331153e+02 1.052273674143068583e+01 -6.220226467466701251e+03 2.375157541537879524e+01 -1.065716661250444668e+04 -1.580973479354429037e+04 3.100339918191993493e+05 5.624070421717786303e+03 1.909895872383830806e+02 6.168360066614192874e+03 8.535694262232627807e+03 2.626817231375837582e+05 -9.123528595657013284e+03 1.617779676130444277e+06 2.805278402942841058e+04 6.069167602880740014e+04 -4.336130026467693824e+03 -1.578444548619495080e+01 -4.656470354738392052e+04 2.362819345271484963e+03 0.000000000000000000e+00 -6.051517995215297560e+03
8.972601700707605232e+02 -1.480570334369873126e+04 -2.061879297909291040e+02 -4.833280568329571452e+02 -2.715807832898744323e+01 2.097124697170903346e+03 6.667862426249141208e+03 -2.431544160077091874e+03 -2.204547811025491342e+02 2.621416824601404869e+02 7.458263675137330893e+02 2.394830576551450463e+02 8.213025963343190597e+03 -3.240848049417876382e+02 4.739956282282676057e+02 8.594707779696512944e+02 -2.369617379021475756e+01 -2.046872439372021404e+02 -1.393187605619653482e+02 9.323064209079165443e-02 1.654929372404681089e+02 4.183360346450574418e+00 -1.913272346942432875e+02 -2.633032370817951460e+02 7.156908792372824792e+03 4.090359982744275271e+02 7.824046818236354284e+00 -1.673762258384302299e+02 2.965480894900063191e+01 7.306066232411093551e+03 -9.506056997330564400e+02 2.805278402942841058e+04 7.818071659366397625e+02 1.468686278635256485e+03 -5.391838091510971935e+02 -4.320969129757585847e+00 -3.825394705829853137e+03 4.718358908613687674e+01 0.000000000000000000e+00 -5.754959420234975198e+01
1.675310909923499594e+03 -3.060396443524034839e+04 -4.165531367837309631e+02 -8.619475766376451702e+02 -4.359198693877882391e+01 5.644886845972152514e+03 1.263026345631456206e+04 -5.369723384750910554e+03 -3.331991710907840911e+02 4.223750973351964149e+02 1.969712344189938904e+03 3.608016259425189673e+02 1.731385791353736204e+04 -6.246591335450092402e+02 1.281306041441984917e+03 1.783631613687158733e+03 -3.766009033718847832e+01 -3.290603760763186187e+02 -4.225976077872801540e+01 2.343897742646334492e-01 7.328724749354805112e+01 7.989931027881955750e+00 -4.382895212961498714e+02 -4.242464053333362699e+02 1.423907929139332555e+04 7.877789084150515464e+02 1.223829539322781557e+01 -7.589868079744563545e+01 1.075878769106405343e+03 1.380747259186390329e+04 -1.905066689679353658e+03 6.069167602880740014e+04 1.468686278635256485e+03 3.374193063963750774e+03 -1.054927113372153826e+03 -8.008405904944980946e+00 -7.645751377050009069e+03 9.965953417409772896e+01 0.000000000000000000e+00 -3.008576204057895893e+02
4.759388889403870735e+02 7.891950528023253355e+03 3.375191361472523965e+01 -4.152340735760542429e+02 -1.003561171389058870e+00 -8.182683541717065054e+02 -3.852865432023117592e+03 1.376839956808584247e+03 -9.222669193016229201e+02 2.888228773721760945e+01 -7.331839667790535486e+02 -2.373560843806914704e+02 -4.306063099496382165e+03 5.593407527614330093e+02 -1.608555599136796559e+02 -8.317514504524936569e+01 -4.823463068258334374e+00 -3.323053276909867293e+01 1.577875286438455760e+02 1.824975315315196522e-01 -4.666079146895436338e+02 -8.667121705569572399e+00 4.208250782161140080e+01 -2.900443977345881308e+01 -3.927745602025645439e+03 -7.068835812614727274e+02 -8.338684295579446015e+00 4.680266874942075219e+02 -3.381666700642263095e+02 -5.616117953600667533e+03 1.855212792902116234e+03 -4.336130026467693824e+03 -5.391838091510971935e+02 -1.054927113372153826e+03 1.088985209615585518e+03 9.155213388985890433e+00 6.785328457388549396e+03 -1.603322140458041645e+01 0.000000000000000000e+00 1.320661249341270604e-03
5.439003635343773624e+00 5.780334159588323217e+01 1.221177205522517850e-01 -4.449154635770182331e+00 -6.185572084888794203e-03 -4.409064882490421056e+00 -2.965658701613397596e+01 9.929088096888781578e+00 -8.875945187733126573e+00 2.301914577214213276e-01 -5.479501041339659650e+00 -2.062261887821682294e+00 -3.113042158589694708e+01 4.746630842145264317e+00 -8.185920939777309169e-01 3.645166249517806101e-02 -3.846202285461599452e-02 -2.742237916481890525e-01 1.508571661243067741e+00 1.697393592698775641e-03 -4.112455599808588325e+00 -7.539167986143263667e-02 1.483564477791526892e-01 -2.311634412630825530e-01 -2.941241825306387980e+01 -6.000770184238684024e+00 -7.110014255745004952e-02 4.124453767170621177e+00 -2.003453157793600781e+00 -4.552301156955241623e+01 1.575864347878108518e+01 -1.578444548619495080e+01 -4.320969129757585847e+00 -8.008405904944980946e+00 9.155213388985890433e+00 1.725775247342241192e+00 5.596495267196193879e+01 -9.889020230007113110e-02 0.000000000000000000e+00 -2.050453356090027324e-01
1.467893480161522803e+03 5.989118753919314622e+04 3.968722330265291589e+02 -1.606166616705832439e+03 -6.603993258911198261e+00 -7.275548283202407220e+03 -2.828301977862526473e+04 1.054319549404797363e+04 -4.728418420736239568e+03 1.789565331876612504e+02 -5.236540745438689555e+03 -1.517969001075936376e+03 -3.296972612793232838e+04 3.599376023446377530e+03 -1.486940922043934734e+03 -1.326654484385909655e+03 -3.117257330957804129e+01 -2.041972514967934558e+02 9.503077225921239233e+02 1.004579678090028683e+00 -3.052939162985957410e+03 -5.369614924885759422e+01 4.730785087053816937e+02 -1.797107271437139957e+02 -2.943024089812945022e+04 -4.547018042658932245e+03 -5.458339878469481476e+01 3.062881134339288110e+03 -2.478154074718676384e+03 -3.871155514871841297e+04 1.189041778678499577e+04 -4.656470354738392052e+04 -3.825394705829853137e+03 -7.645751377050009069e+03 6.785328457388549396e+03 5.596495267196193879e+01 4.660833031994233170e+04 -1.418005127499107516e+02 0.000000000000000000e+00 1.187520507431603676e+02
1.053307206857628842e+02 -1.065656044745915551e+03 -1.787475446304695481e+01 -6.366596769696521108e+01 -1.839596349511390727e+00 1.865808213902326429e+02 4.475159150525224163e+02 -1.797582112703703672e+02 -5.738697025496588822e+01 1.828480413495031343e+01 5.151518790507044088e+01 1.081719635527014134e+01 6.004075463439204441e+02 -1.164259973054448594e+01 4.191934750242520380e+01 7.189840640357782320e+01 -1.691136743302284362e+00 -1.451435524680638167e+01 -2.758699904145781812e+00 1.166101553669740554e-02 -3.979961850280375746e+00 1.084862317661792336e-01 -1.712539610071480922e+01 -1.836567258418223147e+01 5.004573928263870926e+02 1.465140613006552961e+01 3.465599897551771003e-01 3.882871470334936959e+00 1.280063551573111980e+01 4.371351021195418411e+02 -3.042280474354648234e+01 2.362819345271484963e+03 4.718358908613687674e+01 9.965953417409772896e+01 -1.603322140458041645e+01 -9.889020230007113110e-02 -1.418005127499107516e+02 4.223599531039723409e+00 0.000000000000000000e+00 -8.855519474824710358e+00
0.000000000000000000e+00 0.000000000000000000e+00 0.000000000000000000e+00 0.000000000000000000e+00 0.000000000000000000e+00 0.000000000000000000e+00 0.000000000000000000e+00 0.000000000000000000e+00 0.000000000000000000e+00 0.000000000000000000e+00 0.000000000000000000e+00 0.000000000000000000e+00 0.000000000000000000e+00 0.000000000000000000e+00 0.000000000000000000e+00 0.000000000000000000e+00 0.000000000000000000e+00 0.000000000000000000e+00 0.000000000000000000e+00 0.000000000000000000e+00 0.000000000000000000e+00 0.000000000000000000e+00 0.000000000000000000e+00 0.000000000000000000e+00 0.000000000000000000e+00 0.000000000000000000e+00 0.000000000000000000e+00 0.000000000000000000e+00 0.000000000000000000e+00 0.000000000000000000e+00 0.000000000000000000e+00 0.000000000000000000e+00 0.000000000000000000e+00 0.000000000000000000e+00 0.000000000000000000e+00 0.000000000000000000e+00 0.000000000000000000e+00 0.000000000000000000e+00 1.563138340331956311e+00 0.000000000000000000e+00
