6.450463793479120795e+02 2.678934871586854394e-01 1.890455575134987157e+03 -1.302979637786270928e+01 -3.501629007453601616e+02 -4.211474525673186003e-02 -8.002024599997330234e-02 -5.653219202957802329e-05 -3.391428341944451574e+01 -2.474371224170801042e+02 -5.616402472487443447e+03 -1.870893274376710735e+02 -6.895433591327030376e-01 5.890957214302595668e-01 3.489713705970662219e-04 7.416377961525892715e+03 -1.373782278036647142e+02 -2.643824512605529435e+03 6.032200854822674501e+02 1.300123274828279829e-02 3.026626712148626108e+00 1.135177792410780562e+01 -9.875449715737391898e+01 9.113043686795568021e+01 -8.102739137127175362e-02 9.018403406143592205e-02 -3.086042107942030716e-05 1.155319721160488598e+03 4.774571058114308471e+03 6.560593261055373826e-02 6.097377102009471361e-01 2.327887921514509829e-04 5.187161432629454794e+03 1.339225237360246638e+03 -7.379033879255503248e-02 -8.921478295617087895e+01 1.469117378081878644e-01 -5.517828100951115857e+02 -6.473964491249339925e-01 -6.867995538690318426e+03 -3.506657292691066186e+00 -1.838690743316740850e+01 -2.114972062752931565e-05 6.079033583399499202e-02 1.159362917643091714e+04 -3.288275518027714497e+03 -3.508962106852768770e+00 -1.062847482189921948e+03 7.377327713553855082e-02 4.874822540895030215e+03 -1.080605874347368101e+01 9.494236685360438743e-01 -2.757679982560030663e-01 9.560812805395052544e-08 2.645802270097682594e+03 -1.316473849393129001e+02
2.678934871586854394e-01 1.603825882917605528e-01 6.441540607955489328e-01 -5.112184540842310693e-03 -1.432096789570791728e-01 -2.616582961389177578e-02 -4.901987465413150391e-02 -3.304338944021216321e-05 -1.182332175854059787e-02 -8.507942042819331696e-02 -2.386312523111926431e+00 -1.334539871280436725e-02 -6.987478512829795214e-03 -2.896752760347677536e-02 -8.313503725370592124e-05 3.194861401401275725e+00 -4.594072231643634568e-02 -1.026511513887139238e+00 2.951495988476696697e-01 4.656471405877662235e-06 1.124838678657347733e-03 3.728581754540203231e-03 -4.527067056010534996e-02 4.127983223083805941e-02 -4.164053969712616979e-05 4.476431222080749686e-05 -1.051325539537831354e-08 5.084437183905922142e-01 1.974260828122384126e+00 2.360022341550597948e-03 2.033862904350432904e-02 7.796614282356643176e-06 1.863758961253836111e+00 4.584838079220167617e-01 -2.630948664463651952e-05 -4.312068272267165908e-02 4.563984558115400725e-05 -2.355819228050911873e-01 -1.171808019159027159e-01 -2.422478979335267457e+00 -1.303258157688485597e-03 -6.039777295760236260e-03 -7.157599419461984851e-09 2.165345371604262916e-05 8.131539610132737295e+00 -1.247831224710740372e+00 -1.303714713787457180e-03 -3.608930302899561182e-01 2.630329116453155715e-05 2.203395258573083382e+00 -3.900769048314038211e-03 4.808344899086558770e-04 -1.058280245872417110e-04 -2.910937349746847229e-11 1.032116494920712224e+00 -4.295067087258139932e-02
1.890455575134987157e+03 6.441540607955489328e-01 6.483156209772905640e+03 -3.967728532216118253e+01 -1.038788034141388607e+03 -1.161598261000822280e-01 -1.937185042813355240e-01 -1.296481257624215299e-04 -1.141607205929371389e+02 -8.436295316710525185e+02 -1.611163456020699232e+04 -8.503918863098139127e+02 -1.807405326342183205e+00 1.484286784407908399e+00 1.750688020783030922e-04 2.113066888538846251e+04 -4.860572238353583998e+02 -8.153264916484128662e+03 1.408598688800041373e+03 4.272629436594369001e-02 9.927201872646939762e+00 4.063050749800856920e+01 -2.684960934012995040e+02 2.504881509228797256e+02 -1.991942358107104405e-01 2.306363451911363216e-01 -1.059679992648747139e-04 3.197713218079089074e+03 1.397061520781355830e+04 1.598316165177625092e-01 1.613753042027991302e+00 5.872296076276804690e-04 1.708106648031992881e+04 4.569916254931305957e+03 -2.431487164483900898e-01 -2.280801538053545414e+02 5.323233913238222259e-01 -1.568292549415630901e+03 -1.854469661782842671e+00 -2.294231455467618798e+04 -1.150155159814113404e+01 -6.580678067044961210e+01 -7.286874391106506707e-05 2.004264743749507027e-01 1.962688432367490168e+04 -1.054854942077103624e+04 -1.150994697048613524e+01 -3.654719532872232321e+03 2.430908892168823221e-01 1.332244254405171887e+04 -3.618402330861904659e+01 2.367265810618548016e+00 -8.843734009165169496e-01 3.259901088963840422e-07 8.126639448909925704e+03 -4.730880620123246558e+02
-1.302979637786270928e+01 -5.112184540842310693e-03 -3.967728532216118253e+01 2.665156695899028039e-01 7.097471639728652804e+00 8.370147486581237415e-04 1.529118243416741291e-03 1.065051246012575625e-06 7.091016305112086693e-01 5.184930436009389076e+00 1.128599513475090959e+02 4.476047309756585157e+00 1.342449912194229079e-02 -1.130372288242346111e-02 -5.080209268503074287e-06 -1.485491351054256484e+02 2.907215614673734905e+00 5.418229155896169402e+01 -1.173521719630391047e+01 -2.705641513685542402e-04 -6.289998955888344290e-02 -2.409296583251039903e-01 1.948517959054083315e+00 -1.803852745011911951e+00 1.549703640077883856e-03 -1.743602466548729250e-03 6.534876126890587916e-07 -2.302023179007738563e+01 -9.653480769376430715e+01 -1.266623994294675381e-03 -1.201249913433660721e-02 -4.521025658345623434e-06 -1.078633662649524183e+02 -2.808386636806744718e+01 1.536923437332311576e-03 1.733892865087583557e+00 -3.161681290983023654e-03 1.107519072683740724e+01 1.307598925420289972e-02 1.432852366489148608e+02 7.287590799104119721e-02 3.902382727818083930e-01 4.444153823795595752e-07 -1.266384900293742507e-03 -1.982761690589384784e+02 6.798514922636771018e+01 7.292514894305818229e-02 2.232260296803162447e+01 -1.536566273705284192e-03 -9.651280922454103006e+01 2.257178007280630783e-01 -1.823401863463288211e-02 5.699343642128804066e-03 -2.004324711141397218e-09 -5.417100399686318468e+01 2.796708673614630047e+00
-3.501629007453601616e+02 -1.432096789570791728e-01 -1.038788034141388607e+03 7.097471639728652804e+00 1.902827446671570044e+02 2.275338450477759275e-02 4.279684708548295302e-02 3.012008590280629123e-05 1.860782330768402915e+01 1.358930967467867958e+02 3.043518750276618903e+03 1.065165987467562871e+02 3.707731121329412294e-01 -3.157149163217667365e-01 -1.757199086344484872e-04 -4.016254100377511350e+03 7.575244070150797882e+01 1.441472245270449321e+03 -3.234583333175418147e+02 -7.128142947624480259e-03 -1.657802806036029253e+00 -6.266221987042782438e+00 5.326764070260777828e+01 -4.919775753383947858e+01 4.335849466215856152e-02 -4.839721796826956107e-02 1.698187924049853571e-05 -6.242912251041494756e+02 -2.591748546623551647e+03 -3.511802431801835933e-02 -3.283858495049958304e-01 -1.249030973188750113e-04 -2.841429479931670812e+03 -7.359243357609647092e+02 4.046705295819033599e-02 4.790597094049582694e+01 -8.125810264452255904e-02 2.988108651783530831e+02 3.509617364234171588e-01 3.766492468999208995e+03 1.920732682682776860e+00 1.014958552089482424e+01 1.162628262674615751e-05 -3.333958443408520378e-02 -6.053200230657308566e+03 1.797730344346487527e+03 1.922008513143254049e+00 5.841696381006656793e+02 -4.045768981967230032e-02 -2.630947843698355427e+03 5.929615412943497255e+00 -5.086041069568474349e-01 1.507561793896394220e-01 -5.255930034586936438e-08 -1.442105461506026359e+03 7.269653741869043984e+01
-4.211474525673186003e-02 -2.616582961389177578e-02 -1.161598261000822280e-01 8.370147486581237415e-04 2.275338450477759275e-02 4.402682497343064077e-03 8.026112793492315434e-03 5.327870121489654273e-06 2.099184663547461367e-03 1.524308909725477675e-02 3.695495613318998673e-01 9.335167160030421324e-03 1.162485975274229642e-03 4.686538264450504539e-03 1.329132523750782090e-05 -4.897100950569600597e-01 8.568754312462437475e-03 1.691672400040281354e-01 -4.191971713230106117e-02 -8.105260172002806724e-07 -1.950386289218938916e-04 -7.043320373431550489e-04 6.645308692808797255e-03 -6.114095606060653866e-03 5.655016960551607093e-06 -6.239393668293135484e-06 1.966910370447701558e-09 -7.696484759632758743e-02 -3.116738031862786307e-01 -4.062961541946669098e-04 -3.538218947210028820e-03 -1.351961829338174365e-06 -3.238115290268356317e-01 -8.234911670078819135e-02 4.594600022240722841e-06 6.087018906114103484e-03 -9.183372546651485407e-06 3.640037474396388972e-02 1.952474555356214711e-02 4.262891756601118187e-01 2.259731643524343038e-04 1.140855493463231729e-03 1.296965371328672892e-09 -3.784150578830161103e-06 -8.980223719492714807e-01 2.124372585276351200e-01 2.260838693473209073e-04 6.526337391066780458e-02 -4.593480757430113711e-06 -3.268572997559617277e-01 6.895668254272730455e-04 -6.589123571826770945e-05 1.798511986808379659e-05 4.735018220348703980e-12 -1.695422464379171823e-01 8.150357096303227980e-03
-8.002024599997330234e-02 -4.901987465413150391e-02 -1.937185042813355240e-01 1.529118243416741291e-03 4.279684708548295302e-02 8.026112793492315434e-03 1.499707427713505015e-02 1.008274626661950883e-05 3.551600375223552992e-03 2.557696175247539325e-02 7.121878212160734911e-01 4.386232107027842643e-03 2.139333189840580962e-03 8.846997585181204382e-03 2.533773201429588044e-05 -9.534015540389079169e-01 1.387271269038583936e-02 3.072456941649147621e-01 -8.772820481914082869e-02 -1.398734774812948539e-06 -3.378637570730891565e-04 -1.126986844189192035e-03 1.349316671816797909e-02 -1.230734979514702503e-02 1.238594865225348494e-05 -1.332647922871250871e-05 3.165324943349205980e-09 -1.515409333775373513e-01 -5.895846539238072115e-01 -7.261330212437491728e-04 -6.278173966193196370e-03 -2.404056049416784795e-06 -5.593173128659492122e-01 -1.379087965369289737e-01 7.904174343287042798e-06 1.282966824595752585e-02 -1.379795811900336111e-05 7.027558790974060277e-02 3.593095874650882593e-02 7.275528098836332447e-01 3.914547002573877843e-04 1.825550178867617335e-03 2.153162214588282927e-09 -6.505571300409303781e-06 -2.411861452569109776e+00 3.742881110231966457e-01 3.915937321165899299e-04 1.085549024616228181e-01 -7.902306926912696270e-06 -6.566891107624230894e-01 1.173165183416561988e-03 -1.430617588313558969e-04 3.174724739295890807e-05 9.132234838410014713e-12 -3.088722550079752160e-01 1.298669750051273386e-02
-5.653219202957802329e-05 -3.304338944021216321e-05 -1.296481257624215299e-04 1.065051246012575625e-06 3.012008590280629123e-05 5.327870121489654273e-06 1.008274626661950883e-05 6.838826668299702026e-09 2.394005602248164205e-06 1.716590282906925536e-05 5.059773831645103309e-04 -1.458970415098275586e-07 1.429472978970143102e-06 5.986034217483921654e-06 1.726153528396061232e-08 -6.794133756193141034e-04 9.114130206813289060e-06 2.133547436033663726e-04 -6.418960397601673350e-05 -9.491456640639574543e-10 -2.295812923000173990e-07 -7.358487613913617996e-07 9.747484861191576288e-06 -8.865591125698985323e-06 9.153064086544803767e-09 -9.773180331890673466e-09 2.087016401221246214e-12 -1.085735035395112539e-04 -4.161621982145276137e-04 -4.761183592503414685e-07 -4.081016192857454683e-06 -1.567132830355147450e-09 -3.803354392933654474e-04 -9.239540263273269530e-05 5.356456530181776640e-09 9.387486753889219451e-06 -8.788045862533718146e-09 4.999597304031441102e-05 2.393990756195176425e-05 4.920382644513784194e-04 2.659978902347535356e-07 1.191999662570866773e-06 1.437934928548090191e-12 -4.407400137686481399e-09 -1.870074468944978767e-03 2.564086241795874264e-04 2.660781043285723541e-07 7.255653988006585220e-05 -5.355212004750100771e-09 -4.731165618536097950e-04 7.904483631680415744e-07 -1.054488787361822361e-07 2.175659179113753045e-08 5.911599399841986591e-15 -2.147523274558537938e-04 8.460357137477074552e-06
-3.391428341944451574e+01 -1.182332175854059787e-02 -1.141607205929371389e+02 7.091016305112086693e-01 1.860782330768402915e+01 2.099184663547461367e-03 3.551600375223552992e-03 2.394005602248164205e-06 2.015677980368644651e+00 1.486526231625546401e+01 2.899187566081477598e+02 1.472247260873102270e+01 3.278904370656574724e-02 -2.701316993756377322e-02 -4.571670608005949450e-06 -3.803046100570533667e+02 8.510444493997972870e+00 1.453766913632077546e+02 -2.610635820168970866e+01 -7.548174926962076918e-04 -1.756436348646006340e-01 -7.103668826560879390e-01 4.856089902007995285e+00 -4.524821233116893104e+00 3.642145603585189052e-03 -4.196922762257603891e-03 1.869755868771252590e-06 -5.783759134365909205e+01 -2.508430718548980281e+02 -2.942166590290003908e-03 -2.935841035024126106e-02 -1.074137506306538421e-05 -3.022297737578544456e+02 -8.044313041266967446e+01 4.294335241860769078e-03 4.159587122232386136e+00 -9.338251122585355599e-03 2.827243905519797096e+01 3.345757513153360674e-02 4.051838508237816541e+02 2.034992115658253997e-01 1.150549372181615571e+00 1.282392562024072584e-06 -3.539589318195296170e-03 -3.740251186143452742e+02 1.872279761830658629e+02 2.036419362316577997e-01 6.433178581624594017e+01 -4.293317760602171143e-03 -2.410189849812037153e+02 6.384106234771337318e-01 -4.321190355495239249e-02 1.569463397002860902e-02 -5.806963555516665479e-09 -1.449745233056728182e+02 8.266065079987331643e+00
-2.474371224170801042e+02 -8.507942042819331696e-02 -8.436295316710525185e+02 5.184930436009389076e+00 1.358930967467867958e+02 1.524308909725477675e-02 2.557696175247539325e-02 1.716590282906925536e-05 1.486526231625546401e+01 1.098020715420165914e+02 2.110845391168034439e+03 1.096537716539148732e+02 2.377385038266818240e-01 -1.955963957649727303e-01 -2.747581476798723670e-05 -2.769163529340627520e+03 6.316320611593146594e+01 1.064892249375939173e+03 -1.861108294240036116e+02 -5.565994567169348269e-03 -1.293697196886108403e+00 -5.277953903514733369e+00 3.525930154699919683e+01 -3.287854093522968668e+01 2.628367389983373575e-02 -3.037451081699940603e-02 1.378730695105579197e-05 -4.196415196322967631e+02 -1.828789941645524777e+03 -2.110538867151107167e-02 -2.122040992019275374e-01 -7.739697689585594545e-05 -2.225787583443830044e+03 -5.946774730788073384e+02 3.167195969763293706e-02 3.003817574849107075e+01 -6.912667280522602486e-02 2.055603500471223413e+02 2.429908925298782385e-01 2.987997183629632218e+03 1.498864600196848640e+00 8.548401006911685585e+00 9.480547821494902556e-06 -2.610649297233802804e-02 -2.645723173142691394e+03 1.375858575694356887e+03 1.499929481419943977e+00 4.755267265525314997e+02 -3.166445417107362215e-02 -1.749190242425427414e+03 4.711601242110670107e+00 -3.121344870942119321e-01 1.153508579605353190e-01 -4.294176361961870488e-08 -1.061580244078229498e+03 6.144215299229918514e+01
-5.616402472487443447e+03 -2.386312523111926431e+00 -1.611163456020699232e+04 1.128599513475090959e+02 3.043518750276618903e+03 3.695495613318998673e-01 7.121878212160734911e-01 5.059773831645103309e-04 2.899187566081477598e+02 2.110845391168034439e+03 4.906622223835812474e+04 1.516320260398862501e+03 6.084314930916929320e+00 -5.217507601900966741e+00 -3.342279305591981057e-03 -6.482829904190119123e+04 1.162230459301256815e+03 2.285364494124357952e+04 -5.369448223317987868e+03 -1.111781065963503845e-01 -2.594646968075539206e+01 -9.583337749607495937e+01 8.681611678285238440e+02 -8.001155598272255247e+02 7.202115964508797319e-01 -7.982499408695352683e-01 2.630100644420330807e-04 -1.014674855388165815e+04 -4.160246733317238977e+04 -5.853955522337040973e-01 -5.384179811885926092e+00 -2.066742814163091430e-03 -4.446400308291799593e+04 -1.140807266880304996e+04 6.307381075363540646e-01 7.901506870984882198e+02 -1.240821594453780596e+00 4.828559507236222998e+03 5.663878885555706511e+00 5.874317080743167026e+04 3.006170121337894940e+01 1.552267074742368891e+02 1.801122566719188937e-04 -5.195705128316324695e-01 -1.059410636659049487e+05 2.829316368304317075e+04 3.008111203051383953e+01 9.053879527072253040e+03 -6.305922213669256093e-01 -4.284774579812838783e+04 9.231419372261008505e+01 -8.425350099026687190e+00 2.372889608322731103e+00 -8.117756472553161311e-07 -2.288339715070201419e+04 1.110558845405553939e+03
-1.870893274376710735e+02 -1.334539871280436725e-02 -8.503918863098139127e+02 4.476047309756585157e+00 1.065165987467562871e+02 9.335167160030421324e-03 4.386232107027842643e-03 -1.458970415098275586e-07 1.472247260873102270e+01 1.096537716539148732e+02 1.516320260398862501e+03 2.082216630403398199e+02 8.891502201036112496e-02 -3.836135045842572339e-02 3.358046275993742565e-04 -1.890030574825422264e+03 6.673504701016300089e+01 9.285531459845761901e+02 -8.710404911292899044e+01 -5.386267464901196671e-03 -1.241886927708024446e+00 -5.653616211985532658e+00 1.870521368270211227e+01 -1.850988898444188280e+01 4.674609342413798413e-03 -9.246225356893495936e-03 1.540641635377493427e-05 -2.758175544630743730e+02 -1.416803792234141838e+03 -7.569872025193269405e-03 -1.172077490105421088e-01 -3.098745245038097369e-05 -2.132348240493330195e+03 -5.976739276830578547e+02 3.084224644520853348e-02 1.148971890660607542e+01 -8.375552560679327962e-02 1.477160135125795932e+02 1.924911866341331712e-01 2.917054939963754805e+03 1.438817671076944249e+00 9.156408553945727391e+00 9.617027672023760124e-06 -2.545649299007453695e-02 4.799200728394046564e+03 1.278911506410155198e+03 1.440012875969920891e+00 4.811716878970071321e+02 -3.083478487119753128e-02 -1.007689871052270519e+03 4.659188645812236018e+00 -7.037451019433076105e-02 1.069504385708327648e-01 -4.301077468093577630e-08 -9.189184957175140198e+02 6.608907954465786361e+01
-6.895433591327030376e-01 -6.987478512829795214e-03 -1.807405326342183205e+00 1.342449912194229079e-02 3.707731121329412294e-01 1.162485975274229642e-03 2.139333189840580962e-03 1.429472978970143102e-06 3.278904370656574724e-02 2.377385038266818240e-01 6.084314930916929320e+00 8.891502201036112496e-02 1.114287667667941163e-03 5.536487356952977685e-04 2.944418926110495414e-06 -8.116303333670694897e+00 1.280252267682144285e-01 2.710797971602598722e+00 -7.059945250621479929e-01 -1.275876849331651809e-05 -2.979331386301427905e-03 -1.048085827042650672e-02 1.127492788750796282e-01 -1.031469843965439059e-01 1.002190282074709427e-04 -1.086428648983561756e-04 2.838995577160431621e-08 -1.277063072876076788e+00 -5.079983867376579809e+00 -1.742371684215446878e-04 -1.529759478409187159e-03 -5.848611584745776605e-07 -5.100045809006717334e+00 -1.284046307753062166e+00 7.221917512059980524e-05 1.057003224432617738e-01 -1.277550693241384292e-04 5.984652793239154667e-01 5.847568439302249128e-03 6.687226554166139536e+00 3.451885312795163491e-03 1.697689434942759729e-02 2.014814612837637937e-08 -5.946161023688548348e-05 -1.831734323614546867e+01 3.285577768632906182e+00 3.454115944860788791e-03 1.014021228407392616e+00 -7.220257950339935271e-05 -5.503040730610666564e+00 1.047977879640293007e-02 -1.163053005326659516e-03 2.758386268355391335e-04 -8.502352847610008846e-11 -2.720122801106627186e+00 1.212049541921462747e-01
5.890957214302595668e-01 -2.896752760347677536e-02 1.484286784407908399e+00 -1.130372288242346111e-02 -3.157149163217667365e-01 4.686538264450504539e-03 8.846997585181204382e-03 5.986034217483921654e-06 -2.701316993756377322e-02 -1.955963957649727303e-01 -5.217507601900966741e+00 -3.836135045842572339e-02 5.536487356952977685e-04 6.828668108299225034e-03 1.868491336339772423e-05 6.992548345420452449e+00 -1.040493299776944630e-01 -2.281424157927376850e+00 6.185024251295657693e-01 1.059469512301767987e-05 2.464324015614460621e-03 8.490942695173106167e-03 -9.865968151864269731e-02 8.997396040872354672e-02 -9.016766774707004608e-05 9.689381587291199074e-05 -2.267267509530484138e-08 1.101435884625513228e+00 4.327190989133804067e+00 -3.289267624803065963e-04 -2.749171815873983730e-03 -9.803812781931152784e-07 4.230114665788560657e+00 1.056763060648070685e+00 -5.990547078834229411e-05 -9.359244691795647053e-02 9.936617773965017040e-05 -5.128063545506479359e-01 2.244262838248410608e-02 -5.528661832587486558e+00 -2.855198262132679042e-03 -1.375378274598809333e-02 -1.652530601168054035e-08 4.931177405512574441e-05 1.773665711015172874e+01 -2.732145783618137536e+00 -2.857069272278839941e-03 -8.321060339766550573e-01 5.989190357288839251e-05 4.790952619640022725e+00 -8.627394756228463565e-03 1.043241376626178468e-03 -2.292656247926212125e-04 8.558052519645263222e-11 2.291362625353220661e+00 -9.810895585202601688e-02
3.489713705970662219e-04 -8.313503725370592124e-05 1.750688020783030922e-04 -5.080209268503074287e-06 -1.757199086344484872e-04 1.329132523750782090e-05 2.533773201429588044e-05 1.726153528396061232e-08 -4.571670608005949450e-06 -2.747581476798723670e-05 -3.342279305591981057e-03 3.358046275993742565e-04 2.944418926110495414e-06 1.868491336339772423e-05 5.417324166944190740e-08 4.742270629443222189e-03 3.527944308273364142e-07 -9.810497986370073347e-04 5.772803828935093272e-04 2.647891216168209993e-09 6.039438631338419300e-07 -3.971840115236957536e-07 -8.146246007594270264e-05 7.161299719628518652e-05 -9.717524902836820370e-08 9.661845173997546722e-08 2.238279122321782169e-12 7.844787748954507771e-04 2.481138749284524537e-03 -1.038951218198653148e-06 -8.717998579194093616e-06 -3.112986473536972406e-09 1.044719295825597034e-03 1.441708514814438354e-04 -1.426988875820299115e-08 -8.875866316536742127e-05 -3.800268970891994010e-08 -3.303187567840715710e-04 6.544857090418724761e-05 -1.125410665190240429e-03 -6.998258074897599267e-07 6.407831943110213830e-07 -1.675989317213598467e-12 1.162223538274562325e-08 2.969262150690277907e-02 -8.490487226698149740e-04 -6.987778338367753139e-07 -9.008492201363266553e-05 1.422227531450931371e-08 3.770161841291230428e-03 -1.549355726404390105e-06 1.095015185569566789e-06 -7.151810505743689648e-08 -1.434054437847570217e-12 1.010563616375901187e-03 6.102190877978094820e-06
7.416377961525892715e+03 3.194861401401275725e+00 2.113066888538846251e+04 -1.485491351054256484e+02 -4.016254100377511350e+03 -4.897100950569600597e-01 -9.534015540389079169e-01 -6.794133756193141034e-04 -3.803046100570533667e+02 -2.769163529340627520e+03 -6.482829904190119123e+04 -1.890030574825422264e+03 -8.116303333670694897e+00 6.992548345420452449e+00 4.742270629443222189e-03 8.576759970205006539e+04 -1.524081509894209375e+03 -3.008990040168573614e+04 7.124002313320060239e+03 1.461637398950521305e-01 3.408336352064122110e+01 1.256256838133618317e+02 -1.153149983237292417e+03 1.061928563382544326e+03 -9.644790073961903021e-01 1.066306663377881714e+00 -3.431844060208663551e-04 1.341855108200622453e+04 5.488458919192747271e+04 7.783435860045848642e-01 7.136330715808699487e+00 2.749136667186234326e-03 5.839904627703325968e+04 1.497277064584442087e+04 -8.290603994775407326e-01 -1.052357178850860009e+03 1.613370606578675925e+00 -6.376542579041045428e+03 -7.456348945568448627e+00 -7.712155124796288146e+04 -3.948915077299395904e+01 -2.034829836139388703e+02 -2.361820681956272149e-04 6.829104767180622648e-01 1.463633011936424591e+05 -3.718436955496171140e+04 -3.951525877640547435e+01 -1.187338400675054254e+04 8.288685324382722985e-01 5.682160185307682696e+04 -1.211974573227490311e+02 1.127221773480559364e+01 -3.119116927275745521e+00 1.051427522493958589e-06 3.013373022719510482e+04 -1.455808896693225734e+03
-1.373782278036647142e+02 -4.594072231643634568e-02 -4.860572238353583998e+02 2.907215614673734905e+00 7.575244070150797882e+01 8.568754312462437475e-03 1.387271269038583936e-02 9.114130206813289060e-06 8.510444493997972870e+00 6.316320611593146594e+01 1.162230459301256815e+03 6.673504701016300089e+01 1.280252267682144285e-01 -1.040493299776944630e-01 3.527944308273364142e-07 -1.524081509894209375e+03 3.718638306582070641e+01 6.008118152969291259e+02 -9.851534277111164783e+01 -3.222525735297895877e-03 -7.412747901682139595e-01 -3.119077978502426962e+00 1.914440876204865205e+01 -1.790859083927325557e+01 1.384346507665040402e-02 -1.620188237051735369e-02 7.948609398495833615e-06 -2.278320977207708040e+02 -1.012953569988734102e+03 -1.096293796793615730e-02 -1.139360816592484282e-01 -4.094789019991634425e-05 -1.271214070021629823e+03 -3.444682076751813611e+02 1.835042355351174451e-02 1.595959257026599509e+01 -4.041422812488099092e-02 1.126057408500886936e+02 1.340873595826300169e-01 1.713558415378864311e+03 8.588296368452608132e-01 5.051663205185565886e+00 5.469598190220279078e-06 -1.512820364386859018e-02 -1.229339797609288325e+03 7.818091455119088096e+02 8.594740251818414611e-01 2.742531472388711222e+02 -1.834613897805274091e-02 -9.491217068423904948e+02 2.719334392329507022e+00 -1.652107921760990195e-01 6.557805894369796162e-02 -2.499618615465116370e-08 -5.983150899758497872e+02 3.636419619502262890e+01
-2.643824512605529435e+03 -1.026511513887139238e+00 -8.153264916484128662e+03 5.418229155896169402e+01 1.441472245270449321e+03 1.691672400040281354e-01 3.072456941649147621e-01 2.133547436033663726e-04 1.453766913632077546e+02 1.064892249375939173e+03 2.285364494124357952e+04 9.285531459845761901e+02 2.710797971602598722e+00 -2.281424157927376850e+00 -9.810497986370073347e-04 -3.008990040168573614e+04 6.008118152969291259e+02 1.103872551419273623e+04 -2.343285681363033291e+03 -5.553861657763580623e-02 -1.288285364813683564e+01 -4.985799219296269058e+01 3.937696440751080331e+02 -3.647515719271037824e+02 3.118270075711012668e-01 -3.515709376741590342e-01 1.339473556299429035e-04 -4.646057566276635043e+03 -1.957171804954245454e+04 -2.533007170320393242e-01 -2.417023921387750907e+00 -9.077248365018959070e-04 -2.208597777649682394e+04 -5.776091719273399576e+03 3.155468493649034589e-01 3.488251508513002364e+02 -6.509472411057766195e-01 2.239343926367061158e+03 2.639696518849837137e+00 2.938147052904919838e+04 1.492604901380345339e+01 8.075518536460290875e+01 9.136577681463639643e-05 -2.600134916796119633e-01 -3.957303450235032506e+04 1.388849171827141981e+04 1.493631511268300294e+01 4.588506140972193862e+03 -3.154736160597883532e-01 -1.949127722800985794e+04 4.633586269879096164e+01 -3.671474264200240256e+00 1.164546040049627251e+00 -4.122758242019541237e-07 -1.103275451481476921e+04 5.790631406906168195e+02
6.032200854822674501e+02 2.951495988476696697e-01 1.408598688800041373e+03 -1.173521719630391047e+01 -3.234583333175418147e+02 -4.191971713230106117e-02 -8.772820481914082869e-02 -6.418960397601673350e-05 -2.610635820168970866e+01 -1.861108294240036116e+02 -5.369448223317987868e+03 -8.710404911292899044e+01 -7.059945250621479929e-01 6.185024251295657693e-01 5.772803828935093272e-04 7.124002313320060239e+03 -9.851534277111164783e+01 -2.343285681363033291e+03 7.232979870370293156e+02 1.064115473795345344e-02 2.448910154358372004e+00 7.973142089302108992e+00 -9.859859113302054823e+01 9.013180772609057101e+01 -8.706689056493260859e-02 9.407450633381714278e-02 -2.361663808466870948e-05 1.144084516925386424e+03 4.482486752388368586e+03 7.219883927430228998e-02 6.291741254847752485e-01 2.489275684309709912e-04 4.150671400941745560e+03 1.016004011478226971e+03 -6.019233948310930699e-02 -9.397747207322454699e+01 1.029983190247944908e-01 -5.332354053791987099e+02 -6.255084632249399146e-01 -5.370746359769215815e+03 -2.837360424009784499e+00 -1.291591473957149994e+01 -1.563541492418615728e-05 4.955218791873922113e-02 1.481547202466205090e+04 -2.744494246269922314e+03 -2.839156482343540677e+00 -7.886053079296806345e+02 6.017927343939186852e-02 4.860359284413582827e+03 -8.483433808480898008e+00 1.010517303972419345e+00 -2.302059533961527127e-01 6.928827418657384901e-08 2.357332533521530877e+03 -9.181571033831328066e+01
1.300123274828279829e-02 4.656471405877662235e-06 4.272629436594369001e-02 -2.705641513685542402e-04 -7.128142947624480259e-03 -8.105260172002806724e-07 -1.398734774812948539e-06 -9.491456640639574543e-10 -7.548174926962076918e-04 -5.565994567169348269e-03 -1.111781065963503845e-01 -5.386267464901196671e-03 -1.275876849331651809e-05 1.059469512301767987e-05 2.647891216168209993e-09 1.461637398950521305e-01 -3.222525735297895877e-03 -5.553861657763580623e-02 1.064115473795345344e-02 2.891926972889266443e-07 6.647952690315521971e-05 2.689422012324667668e-04 -1.876971065033487557e-03 1.746311577096588139e-03 -1.427940500330630286e-06 1.635951232327692911e-06 -6.989596696305357592e-10 2.219781277280223619e-02 9.600945764438767460e-02 1.141640922211960685e-06 1.132803481484343229e-05 4.172521483558064835e-09 1.138642316432846996e-01 3.035345168628838727e-02 -1.644975664599691013e-06 -1.617772342785172603e-03 3.487505315459425136e-06 -1.082894391943207621e-02 -1.276748182751555379e-05 -1.524627474759809032e-01 -7.702258821193565697e-05 -4.355918725562118381e-04 -4.798199206806886413e-10 1.355810382325959637e-06 1.591368738939593908e-01 -7.085999097574681438e-02 -7.708113230927404042e-05 -2.407928119621702279e-02 1.644227818046147175e-06 9.291926871129055354e-02 -2.415979819518841959e-04 1.691561054000316705e-05 -5.943027266195560547e-06 -6.095749852293424554e-12 5.541475569265197354e-02 -3.130529463017193981e-03
3.026626712148626108e+00 1.124838678657347733e-03 9.927201872646939762e+00 -6.289998955888344290e-02 -1.657802806036029253e+00 -1.950386289218938916e-04 -3.378637570730891565e-04 -2.295812923000173990e-07 -1.756436348646006340e-01 -1.293697196886108403e+00 -2.594646968075539206e+01 -1.241886927708024446e+00 -2.979331386301427905e-03 2.464324015614460621e-03 6.039438631338419300e-07 3.408336352064122110e+01 -7.412747901682139595e-01 -1.288285364813683564e+01 2.448910154358372004e+00 6.647952690315521971e-05 1.541696112116147134e-02 6.182845865979621353e-02 -4.383562034714221234e-01 4.077326620602423346e-01 -3.343725430818209857e-04 3.826921611848852238e-04 -1.628740904297080615e-07 5.202784919637104544e+00 2.238538986922337770e+01 2.709076855278641028e-04 2.667309112427570378e-03 9.840929110218784816e-07 2.645719979200799798e+01 7.019747577066992150e+00 -3.780850211216370553e-04 -3.791837511391322191e-01 8.076590761640172183e-04 -2.532777618014879106e+00 -3.017717132124266444e-03 -3.539989591093731747e+01 -1.786197721561234159e-02 -1.001411054991811628e-01 -1.114481630625289669e-07 3.116117953545858438e-04 3.692279272893839703e+01 -1.647108401108442521e+01 -1.787057593922077026e-02 -5.592793997389212457e+00 3.779998557672324786e-04 2.173253871719161623e+01 -5.589345135278658838e-02 3.957519224897025102e-03 -1.380988948125229463e-03 5.978596306393814008e-10 1.285563489316406205e+01 -7.186835222971110770e-01
1.135177792410780562e+01 3.728581754540203231e-03 4.063050749800856920e+01 -2.409296583251039903e-01 -6.266221987042782438e+00 -7.043320373431550489e-04 -1.126986844189192035e-03 -7.358487613913617996e-07 -7.103668826560879390e-01 -5.277953903514733369e+00 -9.583337749607495937e+01 -5.653616211985532658e+00 -1.048085827042650672e-02 8.490942695173106167e-03 -3.971840115236957536e-07 1.256256838133618317e+02 -3.119077978502426962e+00 -4.985799219296269058e+01 7.973142089302108992e+00 2.689422012324667668e-04 6.182845865979621353e-02 2.626991649994125377e-01 -1.571800640315756725e+00 1.471695130662275197e+00 -1.125946111082289916e-03 1.322860086655780346e-03 -6.642439401703738708e-07 1.871676703911603923e+01 8.366306004083540415e+01 8.885935840099703966e-04 9.323893214746461697e-03 3.335504789088303169e-06 1.059748439062807819e+02 2.880417062039840204e+01 -1.531758682484667990e-03 -1.302517485108949824e+00 3.385636510352103921e-03 -9.274045161321016195e+00 -1.104421047532950714e-02 -1.430039917478348457e+02 -7.163342873921012266e-02 -4.254646553950382493e-01 -4.573662438418143794e-07 1.262842009320093656e-03 9.552151630725929010e+01 -6.505450034166888429e+01 -7.157994648091001166e-02 -2.292929766060846575e+01 1.531502950895776522e-03 7.793161399521737565e+01 -2.268066667260171532e-01 1.345807283789206797e-02 -5.452494166112363018e-03 4.384274357191218256e-09 4.963523927644963152e+01 -3.046841077013915822e+00
-9.875449715737391898e+01 -4.527067056010534996e-02 -2.684960934012995040e+02 1.948517959054083315e+00 5.326764070260777828e+01 6.645308692808797255e-03 1.349316671816797909e-02 9.747484861191576288e-06 4.856089902007995285e+00 3.525930154699919683e+01 8.681611678285238440e+02 1.870521368270211227e+01 1.127492788750796282e-01 -9.865968151864269731e-02 -8.146246007594270264e-05 -1.153149983237292417e+03 1.914440876204865205e+01 3.937696440751080331e+02 -9.859859113302054823e+01 -1.876971065033487557e-03 -4.383562034714221234e-01 -1.571800640315756725e+00 1.577538869790690157e+01 -1.447555942087852188e+01 1.363557025454456562e-02 -1.491064982960382292e-02 4.297388479951658415e-06 -1.812573008588296091e+02 -7.295809167824744463e+02 -1.085800753157830333e-02 -9.759558541605624360e-02 -3.816841798817327325e-05 -7.508710970305274941e+02 -1.904319600693445409e+02 1.063461350433625094e-02 1.462302831886213283e+01 -1.974333364362054408e-02 8.545746201100253359e+01 9.917441791463837975e-02 9.874870564424293207e+02 5.078832002792691425e-01 2.545977192635451747e+00 2.996469905883571848e-06 -8.757819676275863455e-03 -2.290447541428289696e+03 4.813462510372104930e+02 5.082064310830137766e-01 1.507325637355524464e+02 -1.063216737726285430e-02 -7.739081425917182742e+02 1.548809115410861192e+00 -1.587304457870721830e-01 4.038975620763596286e-02 -1.338202120030486780e-08 -3.947899079468045898e+02 1.819100403435038871e+01
9.113043686795568021e+01 4.127983223083805941e-02 2.504881509228797256e+02 -1.803852745011911951e+00 -4.919775753383947858e+01 -6.114095606060653866e-03 -1.230734979514702503e-02 -8.865591125698985323e-06 -4.524821233116893104e+00 -3.287854093522968668e+01 -8.001155598272255247e+02 -1.850988898444188280e+01 -1.031469843965439059e-01 8.997396040872354672e-02 7.161299719628518652e-05 1.061928563382544326e+03 -1.790859083927325557e+01 -3.647515719271037824e+02 9.013180772609057101e+01 1.746311577096588139e-03 4.077326620602423346e-01 1.471695130662275197e+00 -1.447555942087852188e+01 1.329276762479456409e+01 -1.242894412409370833e-02 1.362180079623575082e-02 -4.020218251633009206e-06 1.667248203081948930e+02 6.734471747932739163e+02 9.919429530302855888e-03 8.953892467692352308e-02 3.490905377715917908e-05 6.984957642534992601e+02 1.776093163820705740e+02 -9.896759533525334787e-03 -1.337311589484127872e+01 1.856964713834820258e-02 -7.874001668563172984e+01 -9.154211620707865260e-02 -9.195275729638085522e+02 -4.724021521231562271e-01 -2.383817508530280183e+00 -2.796514938943772168e-06 8.150612896223385223e-03 2.048609658115312413e+03 -4.470357768822613593e+02 -4.727128148143487363e-01 -1.406531435221660331e+02 9.894473399921050252e-03 7.107271810392373936e+02 -1.442819179753034531e+00 1.448007835255481490e-01 -3.750870007372458792e-02 1.230118892820412697e-08 3.656006199917970321e+02 -1.703889729824430432e+01
-8.102739137127175362e-02 -4.164053969712616979e-05 -1.991942358107104405e-01 1.549703640077883856e-03 4.335849466215856152e-02 5.655016960551607093e-06 1.238594865225348494e-05 9.153064086544803767e-09 3.642145603585189052e-03 2.628367389983373575e-02 7.202115964508797319e-01 4.674609342413798413e-03 1.002190282074709427e-04 -9.016766774707004608e-05 -9.717524902836820370e-08 -9.644790073961903021e-01 1.384346507665040402e-02 3.118270075711012668e-01 -8.706689056493260859e-02 -1.427940500330630286e-06 -3.343725430818209857e-04 -1.125946111082289916e-03 1.363557025454456562e-02 -1.242894412409370833e-02 1.250324099063355844e-05 -1.341629034909411576e-05 3.077324122231946321e-09 -1.529486164879037824e-01 -5.965196953812800240e-01 -9.721021476536493891e-06 -8.428942871499635673e-05 -3.389861684199635834e-08 -5.722106062591808540e-01 -1.416811259298214609e-01 8.070429983001699018e-06 1.300196159336078003e-02 -1.333405348720373884e-05 7.099301562484901240e-02 8.099065184713363872e-05 7.456272269239154760e-01 3.874094408220075491e-04 1.823861445950772375e-03 2.215281065293911658e-09 -6.642623985354605065e-06 -2.442321067028704995e+00 3.722876424432602360e-01 3.876382431219616270e-04 1.115974425087034871e-01 -8.068599793658121430e-06 -6.634163328439953711e-01 1.164795367381447899e-03 -1.445331521552669491e-04 3.126867464742343620e-05 -9.909280957298157699e-12 -3.133803835972536200e-01 1.299120506515826640e-02
9.018403406143592205e-02 4.476431222080749686e-05 2.306363451911363216e-01 -1.743602466548729250e-03 -4.839721796826956107e-02 -6.239393668293135484e-06 -1.332647922871250871e-05 -9.773180331890673466e-09 -4.196922762257603891e-03 -3.037451081699940603e-02 -7.982499408695352683e-01 -9.246225356893495936e-03 -1.086428648983561756e-04 9.689381587291199074e-05 9.661845173997546722e-08 1.066306663377881714e+00 -1.620188237051735369e-02 -3.515709376741590342e-01 9.407450633381714278e-02 1.635951232327692911e-06 3.826921611848852238e-04 1.322860086655780346e-03 -1.491064982960382292e-02 1.362180079623575082e-02 -1.341629034909411576e-05 1.448530158982276776e-05 -3.602884693483531643e-09 1.684497311376996487e-01 6.645043691823553367e-01 1.049005440214774047e-05 9.210085112663231029e-05 3.670528757674561287e-08 6.552160401276254653e-01 1.638563349777237554e-01 -9.254672207402869376e-06 -1.407737445627168377e-02 1.598361290612422900e-05 -7.861690877117986920e-02 -9.023778539429587410e-05 -8.570387858283031735e-01 -4.433920861506458885e-04 -2.142793467305374993e-03 -2.568648000500177505e-09 7.618875214227151470e-06 2.509016237785568038e+00 -4.236827646950970805e-01 -4.436859642822277750e-04 -1.293219484219063631e-01 9.252554003597299100e-06 7.271874068511455791e-01 -1.340901882286748680e-03 1.554305587223587918e-04 -3.557712248459621811e-05 1.124488960665194085e-11 3.529956997315150113e-01 -1.528647870611335967e-02
-3.086042107942030716e-05 -1.051325539537831354e-08 -1.059679992648747139e-04 6.534876126890587916e-07 1.698187924049853571e-05 1.966910370447701558e-09 3.165324943349205980e-09 2.087016401221246214e-12 1.869755868771252590e-06 1.378730695105579197e-05 2.630100644420330807e-04 1.540641635377493427e-05 2.838995577160431621e-08 -2.267267509530484138e-08 2.238279122321782169e-12 -3.431844060208663551e-04 7.948609398495833615e-06 1.339473556299429035e-04 -2.361663808466870948e-05 -6.989596696305357592e-10 -1.628740904297080615e-07 -6.642439401703738708e-07 4.297388479951658415e-06 -4.020218251633009206e-06 3.077324122231946321e-09 -3.602884693483531643e-09 1.868029970115584567e-12 -5.224282030746918752e-05 -2.291260030819384467e-04 -2.591853557820789405e-09 -2.632671672871364477e-08 -9.459465984983459281e-12 -2.797529555656330506e-04 -7.473737485302946204e-05 3.979389994930572172e-09 3.624835421747204673e-06 -8.926163681505183721e-09 2.569445273888987046e-05 3.115325426255754493e-08 3.754885863178199180e-04 1.887043524780704510e-07 1.075843073627964823e-06 1.190934987196433103e-12 -3.280496645433495828e-09 -2.248555395703164201e-04 1.732155470963522988e-04 1.888338223840943938e-07 5.973542357910404608e-05 -3.990265101646314209e-09 -2.149278153901926594e-04 5.933029952595964978e-07 -3.672888196150669985e-08 1.451656507756683753e-08 -3.879808075094704207e-13 -1.335140017612032126e-04 7.731189646091793502e-06
1.155319721160488598e+03 5.084437183905922142e-01 3.197713218079089074e+03 -2.302023179007738563e+01 -6.242912251041494756e+02 -7.696484759632758743e-02 -1.515409333775373513e-01 -1.085735035395112539e-04 -5.783759134365909205e+01 -4.196415196322967631e+02 -1.014674855388165815e+04 -2.758175544630743730e+02 -1.277063072876076788e+00 1.101435884625513228e+00 7.844787748954507771e-04 1.341855108200622453e+04 -2.278320977207708040e+02 -4.646057566276635043e+03 1.144084516925386424e+03 2.219781277280223619e-02 5.202784919637104544e+00 1.871676703911603923e+01 -1.812573008588296091e+02 1.667248203081948930e+02 -1.529486164879037824e-01 1.684497311376996487e-01 -5.224282030746918752e-05 2.117012342371206159e+03 8.569230058767250739e+03 1.252072008463028241e-01 1.132853471009736435e+00 4.385485584450859943e-04 8.912406649250324335e+03 2.262575820942786777e+03 -1.258433827902188662e-01 -1.669040624342601120e+02 2.426356719838022036e-01 -1.001421811385571118e+03 -1.173537357900510170e+00 -1.173094330835365508e+04 -6.027989858271305401e+00 -3.031718117292119175e+01 -3.569997788287888435e-05 1.036476673289267042e-01 2.332977775849559839e+04 -5.707939487034293052e+03 -6.031729859679615835e+00 -1.795467057125391193e+03 1.258143028950899356e-01 8.946327848967814134e+03 -1.840112083014996003e+01 1.784577787012860295e+00 -4.788080166129075610e-01 1.609320757835404780e-07 4.656386418828339629e+03 -2.166114203227340624e+02
