1.804896411928711757e+02 1.357766420349784342e+00 -4.166241012171278271e+03 -3.123915618202997901e+00 -9.877568187792805077e+01 -7.146823825451803502e-02 -8.876328894382523593e-01 7.017207522681311502e+02 1.999204912855212797e+03 -7.429909748063798816e+02 -1.713214270910328878e+02 -1.494046033731699363e-01 -3.758664646257583453e+00 -9.884401490927664964e-04 2.327133368354474783e+02 5.716457447536465253e+01 -6.745720649886385978e+00 2.469261613159771969e+03 1.328112684716690473e-01 3.828748891290085776e+00 -2.525347936344418009e+00 -2.138712113569308215e+01 1.326973387403514337e+01 -1.211896898790039423e-02 1.453784871524279083e+02 6.068309493496886944e+02 9.465346146320303966e-02 1.459990085448397501e+01 -1.845303337576626745e+01 -9.225609041726223758e-02 -1.067614758324599649e+02 -6.510577844509438705e+01 -1.736519413578971049e-01 -2.345598204456498692e+01 -1.244463598391193493e+01 1.840389474561520728e+03 -4.894644778934830853e+00 3.285863212960487889e+00 1.847648277795714833e-01 1.064373936375597509e+02 1.011864252658141226e+02 1.939598073044227476e+03 1.797820427127677689e+01 1.265765016068300429e+04 1.872810501532581497e+02 4.464076216846556235e+02 2.413717155436789241e+01 5.561701207554511917e-02 7.752554062038370386e-01 1.416688758175225766e-04 8.025409728897633599e+00 1.942148952270158873e+02 -9.702511141528175287e+00 -1.973270158308130018e+00 -2.929458971630048580e+01
1.357766420349784342e+00 8.514458994828018490e+00 -4.713045670057180558e+01 -2.646880058260031240e-02 -7.280367980235644687e-01 -4.759364866630862445e-01 -5.514572193416324986e+00 8.202804429456895363e+00 2.231744343743572756e+01 -7.107315116751387940e+00 -1.074238438209149882e+00 -6.587780174228656804e-01 -2.257680820821589052e+01 -5.970796823632996443e-03 2.308961683168297085e+00 -3.128934414837989397e+00 -6.633543761865483279e-02 2.817214906211784609e+01 -3.169108714366000289e-03 1.533472470644904884e-01 1.512187647433212989e-01 -2.239328782561449405e-01 1.762812391868981421e-01 -4.066744182034186348e-05 1.365802047636278216e+00 5.511256349385401876e+00 6.195902453404542598e-01 8.436828171796747711e+01 -2.224730380212207870e-01 -1.685854966403369740e-03 1.521396709997066443e+00 -3.696733015576191272e-01 -5.641168587618210174e-04 -2.127296123969860953e-01 -7.325184625376402892e+01 2.085443052442458622e+01 -1.939180908833612604e-01 -1.976931401242328634e-01 2.259485398022493315e-03 -1.522098579964997311e+00 8.968998327977063534e-01 -4.344584435720794602e+01 6.141726094596959562e-02 1.488033786403857164e+02 1.828549877686186154e+00 4.685720319618377872e+00 8.038310985246434337e-02 5.891791561306269865e-04 2.499930375852014476e-03 2.643714498407351338e-06 8.175801804175698850e-02 8.174228178078414286e-01 -9.896105534545479587e-02 -1.301461248077263910e+01 -3.932050416214347144e-01
-4.166241012171278271e+03 -4.713045670057180558e+01 2.331396504542150360e+05 1.106731672861774882e+02 2.082033261720316659e+03 2.377665804704445662e+00 3.107714344949723539e+01 -3.928435532291116397e+04 -1.125800414492790878e+05 4.116560212983383826e+04 1.437085542150624860e+03 8.425670577263558059e+00 1.152315701046713770e+02 6.264999928164248499e-02 -1.913162251525447209e+04 -4.021680889921631660e+03 4.449239621299748819e+02 -1.380795223759513465e+05 2.072074135971548881e+00 8.358073210444584902e+02 2.136317099308952550e+02 1.676043560295745010e+03 -2.094793967657840767e+03 -1.317792115445531875e+00 -7.446318465408564407e+03 -2.374006663939173450e+04 -2.771147201821332118e+00 -4.356127972393865662e+02 1.193756121577898284e+03 1.010829813302927427e+01 2.682856204256494834e+02 -3.206916813799383817e+03 -1.485269178172235627e+01 1.167916530925406050e+03 3.939762452745209771e+02 -1.027000659666338906e+05 -1.054764927644384215e+03 -2.783688571075568348e+02 -9.430270276700390752e+00 -2.577788808463621422e+02 -1.408794259081540076e+04 -1.218965899438832566e+05 1.992563865913023164e+03 -5.551923828384572407e+05 -1.213202868765287531e+04 -2.977374351833172113e+04 2.374507030622257389e+03 -3.855039184379183137e+00 6.360404562071693846e+01 -1.248292212002232934e-02 -5.055947415555277189e+02 5.051343783900608832e+04 5.580516181334960493e+02 5.502285174960903902e+01 1.728039778231698619e+03
-3.123915618202997901e+00 -2.646880058260031240e-02 1.106731672861774882e+02 6.630958210962974164e-02 1.648165501806990285e+00 1.349385428984342227e-03 1.740370466817891398e-02 -1.840768838587974798e+01 -5.353752701017108251e+01 1.978495686289765132e+01 2.226220092436230757e+00 3.791114035263682975e-03 6.924369899845371490e-02 2.618513717666191008e-05 -7.736856006231827010e+00 -1.775428054312695458e+00 2.026641970642439894e-01 -6.556039843218350427e+01 -8.112021907653607731e-04 1.884492978549490994e-01 8.771439523876069233e-02 6.969677452938043416e-01 -7.210482322772004959e-01 -2.204433418843939675e-04 -3.692633802460710601e+00 -1.340700915042716446e+01 -1.700218665801111161e-03 -2.659601432073144256e-01 6.180468413767915559e-01 3.891612954619780382e-03 1.227485633573090817e+00 -1.666730810189549772e-01 -2.255607438151402931e-03 5.837709343027381870e-01 2.328684880968518445e-01 -4.896605885947521841e+01 -2.372825279232808893e-01 -1.142430495255656181e-01 -4.597820161022792181e-03 -1.220633634578678128e+00 -4.508931143955630105e+00 -5.567348146734693159e+01 3.490819954272688652e-01 -2.950639301551867675e+02 -5.552923128747980108e+00 -1.329512188942130635e+01 3.981171421563883817e-01 -1.687805358714366709e-03 9.454643173615303112e-03 -5.212264738008865725e-06 -2.331983449100580030e-01 1.127502594034702277e+01 2.498961575848199224e-01 3.486251172110783197e-02 7.584914720448802106e-01
-9.877568187792805077e+01 -7.280367980235644687e-01 2.082033261720316659e+03 1.648165501806990285e+00 5.437232045090105004e+01 3.852072988982326029e-02 4.754836587852648844e-01 -3.488778791452172641e+02 -9.996349244302347188e+02 3.708001512862986715e+02 9.747131964385724245e+01 7.539045583095035918e-02 2.035725055673450079e+00 4.930018313065000560e-04 -1.075270641751092882e+02 -2.762149482396596412e+01 3.273155813870640252e+00 -1.233550550855960182e+03 -7.882992167796537553e-02 -3.364895228243064640e+00 1.175241861377400276e+00 9.999102917276632141e+00 -4.739182971861239935e+00 8.808616627100852164e-03 -7.318072865692084861e+01 -3.171190294371730829e+02 -5.148852157502187971e-02 -7.921027368672683089e+00 9.209834383017994952e+00 4.086242064989984574e-02 6.079169697407828465e+01 4.203377367139526655e+01 1.212212894936128549e-01 1.188100491941257886e+01 6.721222217768021423e+00 -9.204128029560403093e+02 4.283144597881190840e+00 -1.528663343569607092e+00 -9.296553315003618090e-02 -6.061973786020230648e+01 -3.842661109825201038e+01 -9.518172381134820625e+02 -1.315064260032788468e+01 -6.529531464642047467e+03 -9.099247926189518410e+01 -2.154046841600371920e+02 -1.727267415635967396e+01 -2.663513007454996334e-02 -5.377800907113688966e-01 -6.374215834821914041e-05 -3.923126721898497316e+00 -1.804992014416811514e+02 4.741413698737437343e+00 1.076670155269788820e+00 1.440172331598458833e+01
-7.146823825451803502e-02 -4.759364866630862445e-01 2.377665804704445662e+00 1.349385428984342227e-03 3.852072988982326029e-02 2.831403707992589600e-02 3.049350823898985818e-01 -4.277887803275287615e-01 -1.111819583659558575e+00 3.467573306070868000e-01 5.991861613318676810e-02 3.919146058574683039e-02 1.237937865202521692e+00 3.556190862490452302e-04 -1.075697498861858253e-01 1.669297174081728896e-01 3.031370464189791017e-03 -1.423775081528427355e+00 1.498601707288233908e-04 -9.352422312323761464e-03 -8.125270093461962537e-03 1.040963898298519381e-02 -6.964345644666592935e-03 4.371117584240863777e-06 -6.860734101815388342e-02 -2.796869644817907563e-01 -3.684906712481379742e-02 -4.590456788861257742e+00 7.621340854304813409e-03 7.248517151967637261e-05 -7.072350191537449260e-02 2.677880121820280443e-02 5.728877462372478768e-05 1.063558826120214636e-02 3.991739725135776240e+00 -1.046897004065968417e+00 1.182519890998143600e-02 1.062046803912516761e-02 -1.201849712990824237e-04 7.075995042307856031e-02 -4.219788453230641223e-02 2.447004100297525575e+00 -6.758177314886659043e-03 -7.753134886356996880e+00 -8.476389344199898590e-02 -2.245940884282029704e-01 -8.598494822036763241e-03 -2.814774679928519591e-05 -2.517730896196190209e-04 -1.246027641459101453e-07 -3.861725527125809895e-03 -1.241618962562669598e-01 5.370968925445166083e-03 7.759722399612968280e-01 2.156717198231304297e-02
-8.876328894382523593e-01 -5.514572193416324986e+00 3.107714344949723539e+01 1.740370466817891398e-02 4.754836587852648844e-01 3.049350823898985818e-01 3.578065114665334612e+00 -5.382708069613753921e+00 -1.474263159456218908e+01 4.710542061171187456e+00 6.944219908345838910e-01 4.220845342557734692e-01 1.466908130670181976e+01 3.824685733937200054e-03 -1.544108303480935751e+00 2.040968643019994477e+00 4.438236871661697253e-02 -1.857144729264174998e+01 2.108319722527633201e-03 -9.725541531900058767e-02 -9.850805228570726213e-02 1.496847535715821187e-01 -1.207427342244401930e-01 2.121123974032456782e-05 -9.010784248331140667e-01 -3.626625451104229292e+00 -3.969976897556926065e-01 -5.488673149067639656e+01 1.535321384726484051e-01 1.137322191231166825e-03 -1.014553085042767533e+00 2.244963096913983325e-01 3.037836023209357101e-04 1.404566767795711602e-01 4.764290759894051064e+01 -1.376051446981583837e+01 1.229902011377673882e-01 1.287867526848486266e-01 -1.477428239592368979e-03 1.015012561751042153e+00 -6.040924995440680734e-01 2.807297987239755344e+01 -3.183600811510723522e-02 -9.754334372338894354e+01 -1.220975783637327616e+00 -3.115003970069251338e+00 -4.232995646869486261e-02 -3.919449423399378254e-04 -1.352215806286153439e-03 -1.760479514510033408e-06 -5.444484590224113463e-02 -3.425110945497395476e-01 6.453588448116763521e-02 8.334959268032486435e+00 2.560669667003564465e-01
7.017207522681311502e+02 8.202804429456895363e+00 -3.928435532291116397e+04 -1.840768838587974798e+01 -3.488778791452172641e+02 -4.277887803275287615e-01 -5.382708069613753921e+00 8.004242045582427636e+03 1.770388168210220829e+04 -7.137393792396691424e+03 -2.675948987588433852e+02 -1.526454050886554059e+00 -2.021436696106691500e+01 -1.136699923946813545e-02 3.573576677227169057e+03 5.011614352402900749e+02 -6.619230066971223891e+01 2.357398889415692611e+04 3.159762548430552487e-01 -1.238813024213726095e+02 -2.679056377432453218e+01 -2.960102953156938952e+02 3.544168937768804426e+02 2.081320830591854298e-01 1.428348181844283317e+03 4.080233825073887601e+03 4.939752800665390131e-01 7.708468322552448626e+01 8.109945890401343149e+01 -5.476397685259987158e-01 -4.177520460248250060e+02 4.369182016622676770e+02 2.163923101540150551e+00 -2.183322474534590185e+02 -6.909743340868453743e+01 1.683522531377744599e+04 1.561379449347122659e+02 3.488880963084837816e+01 2.034102381101676738e+00 4.163231040957376763e+02 3.559850695449814793e+03 1.881023259253708238e+04 -3.023391109798379830e+02 9.704377238006703556e+04 1.917804002303229481e+03 5.214336042586406620e+03 -3.476054190126995991e+02 6.893429515305644628e-01 -9.112844709476892291e+00 1.990129000175607562e-03 7.977214988439283161e+01 -8.088572769016986967e+03 -1.584913060451486047e+02 -9.714147608489797747e+00 -4.394411920887158089e+02
1.999204912855212797e+03 2.231744343743572756e+01 -1.125800414492790878e+05 -5.353752701017108251e+01 -9.996349244302347188e+02 -1.111819583659558575e+00 -1.474263159456218908e+01 1.770388168210220829e+04 5.552651772246033943e+04 -1.970719961230488116e+04 -6.494344543607708147e+02 -3.963665661190013623e+00 -5.430936085728846763e+01 -2.947649835512756653e-02 8.940622661207940837e+03 2.105256980549798755e+03 -2.232782880680293545e+02 6.639965929059013433e+04 -1.661472762830054073e+00 -4.232242394113447972e+02 -1.118339669086259249e+02 -7.988837882294694737e+02 1.015685641305638910e+03 6.563880769268055637e-01 3.436705455047498162e+03 1.136235404131167707e+04 1.296831621319477712e+00 2.046300240477428645e+02 -8.376195685920642973e+02 -5.938034185389755137e+00 2.408886585826736280e+02 1.670248829712560337e+03 7.572532567556356398e+00 -5.442193195527828493e+02 -1.858300206952455085e+02 5.002780995147494104e+04 5.342883747778176939e+02 1.457423238494087627e+02 4.142282140291293935e+00 -2.462603947917245364e+02 5.734641427744539214e+03 6.049073215653215448e+04 -1.004582188539201411e+03 2.641879546945669572e+05 5.984243394170035572e+03 1.421797681977855245e+04 -1.209280822752970835e+03 1.827807033637441014e+00 -3.257516933713051799e+01 6.163701475525488506e-03 2.494454113548453904e+02 -2.507199884271618794e+04 -2.099828324021077890e+02 -2.581520618111249732e+01 -6.977598245642727761e+02
-7.429909748063798816e+02 -7.107315116751387940e+00 4.116560212983383826e+04 1.978495686289765132e+01 3.708001512862986715e+02 3.467573306070868000e-01 4.710542061171187456e+00 -7.137393792396691424e+03 -1.970719961230488116e+04 7.384567580299905785e+03 2.538462620879955693e+02 1.397589103253125131e+00 1.716471036151586915e+01 1.014212628915486802e-02 -3.440532982327352329e+03 -6.827707642031125488e+02 7.882611979313254835e+01 -2.445367212359687255e+04 3.074806972935996141e-01 1.480553142328267882e+02 3.634613539536918836e+01 3.003989193565330424e+02 -3.748944668962921014e+02 -2.335348387195052278e-01 -1.353146422003990665e+03 -4.239870223964121578e+03 -3.941186341097711598e-01 -6.515332185289622657e+01 1.914736085476011453e+02 1.602439607050595516e+00 8.673202746592542667e+01 -5.712945251377105933e+02 -2.640162138007270620e+00 2.111644876286145802e+02 5.935561604922187229e+01 -1.810265388148840793e+04 -1.868419270694986096e+02 -4.735652954868565701e+01 -1.727222585949191647e+00 -8.483507041670269189e+01 -2.592425058664076005e+03 -2.132268083202243724e+04 3.558518902326343323e+02 -9.801245855653080798e+04 -2.163417699275010364e+03 -5.351402389070641220e+03 4.243378846796665016e+02 -6.932106316480193264e-01 1.130995536508509858e+01 -2.256352960279089416e-03 -8.997031272638589883e+01 9.104093468355316872e+03 1.065500869692032779e+02 7.741610301326134369e+00 3.199553502760740002e+02
-1.713214270910328878e+02 -1.074238438209149882e+00 1.437085542150624860e+03 2.226220092436230757e+00 9.747131964385724245e+01 5.991861613318676810e-02 6.944219908345838910e-01 -2.675948987588433852e+02 -6.494344543607708147e+02 2.538462620879955693e+02 2.158359695377344565e+02 5.399536773966070319e-02 3.289575817531289470e+00 2.166508647431472678e-04 3.718735850576641155e+01 -2.874404367827466666e-01 6.820045106154578596e-01 -8.541800739748466640e+02 -2.600100934280747400e-01 -2.402966432863276580e+01 -7.536123177218492231e-01 -2.254049729934572532e+00 2.402339659812177786e+01 4.685982758078168636e-02 -6.640052451197337291e+01 -4.161594719277554759e+02 -8.713949257727827968e-02 -1.304118786935344332e+01 -6.378773739451800928e+00 -9.537709339739648684e-02 1.637383214481008054e+02 1.714669567859056940e+02 5.905649611624522732e-01 1.100385238815532851e+01 1.062245184244840601e+01 -6.257603042815877643e+02 3.042648083317723362e+01 9.892496250475107944e-01 -9.175686721112871758e-02 -1.634889244745497194e+02 1.020398942159427946e+02 -3.671872839930239252e+02 -7.098984564628239013e+01 -7.727423329119302252e+03 -2.705803366277772071e+01 -6.103801866074654470e+01 -8.912550272862176826e+01 -5.205811599777360014e-03 -2.582039007507806794e+00 4.860089357543056387e-05 -1.426420982749205812e+00 -1.401476885371497929e+03 4.980172251167624076e+00 1.868422024903568346e+00 1.189852968695580948e+01
-1.494046033731699363e-01 -6.587780174228656804e-01 8.425670577263558059e+00 3.791114035263682975e-03 7.539045583095035918e-02 3.919146058574683039e-02 4.220845342557734692e-01 -1.526454050886554059e+00 -3.963665661190013623e+00 1.397589103253125131e+00 5.399536773966070319e-02 5.439234471909829005e-02 1.713044116249219373e+00 4.933635761802459023e-04 -6.547767959145809336e-01 1.440494724646057823e-01 1.413984394288582760e-02 -5.031207459664750026e+00 3.180694939144189468e-04 1.594539045184695594e-02 -6.218451375014571320e-03 5.713544531638625745e-02 -7.061154880656607402e-02 -4.444531779372322042e-05 -2.581156745538342734e-01 -8.152186953606754827e-01 -5.099191139179730381e-02 -6.352009878943844612e+00 2.761697629286437999e-02 3.237726854970636838e-04 -1.318579847159763729e-01 -1.023542882324668946e-01 -4.869015603375927105e-04 4.034480014256447422e-02 5.524179592912862979e+00 -3.688660255066816163e+00 -2.010482868023745484e-02 8.147062578936761432e-03 -3.836723181682466814e-04 1.320527433869876088e-01 -5.193449800242159187e-01 6.698159296426823284e-01 6.528573661337928880e-02 -2.131411931458561781e+01 -3.893503997618300017e-01 -1.010871884358458539e+00 7.698782329257101986e-02 -1.315248734409051837e-04 2.074892550087991706e-03 -4.744896069670662071e-07 -1.664340340129456461e-02 1.645215701574326062e+00 2.174765818027600203e-02 1.073703006973345753e+00 7.628371218252873176e-02
-3.758664646257583453e+00 -2.257680820821589052e+01 1.152315701046713770e+02 6.924369899845371490e-02 2.035725055673450079e+00 1.237937865202521692e+00 1.466908130670181976e+01 -2.021436696106691500e+01 -5.430936085728846763e+01 1.716471036151586915e+01 3.289575817531289470e+00 1.713044116249219373e+00 6.020707509037987393e+01 1.551929467865098729e-02 -4.930122455593438424e+00 8.732343109062570718e+00 1.525153335447675118e-01 -6.894663384421706098e+01 7.735885634802187015e-03 -5.370051668671020906e-01 -4.252583897943059688e-01 4.925247792186429052e-01 -2.746088264352153363e-01 3.268493634431866661e-04 -3.389765622360931374e+00 -1.444242366429415547e+01 -1.611829423366222702e+00 -2.254947625786320202e+02 4.853365831502041705e-01 3.502527137973047554e-03 -3.704484606802871838e+00 1.694825440967147934e+00 4.152094424586096587e-03 5.268265044442861367e-01 1.956927357193995363e+02 -5.096972306876014613e+01 6.790742692104965172e-01 5.559204402234894093e-01 -5.709908205482086725e-03 3.706235640803435594e+00 -1.356085716238728978e+00 1.232522183170290617e+02 -4.958628761942189822e-01 -3.849452329367082939e+02 -4.248282470764332075e+00 -1.094918143268247945e+01 -6.235499305434054618e-01 -1.365427886914438380e-03 -1.816346996212162002e-02 -6.256245013722082925e-06 -1.920691076707883027e-01 -9.495718003469878710e+00 2.508407553024026293e-01 3.382455625298999280e+01 9.775180846465993945e-01
-9.884401490927664964e-04 -5.970796823632996443e-03 6.264999928164248499e-02 2.618513717666191008e-05 4.930018313065000560e-04 3.556190862490452302e-04 3.824685733937200054e-03 -1.136699923946813545e-02 -2.947649835512756653e-02 1.014212628915486802e-02 2.166508647431472678e-04 4.933635761802459023e-04 1.551929467865098729e-02 4.477687469373542899e-06 -5.012764567204534491e-03 1.499857861656256602e-03 1.034124839625032974e-04 -3.743762976907057116e-02 3.290616126689346478e-06 1.387854854968185764e-04 -6.523578428722658811e-05 4.350064079227415267e-04 -5.705666745015004412e-04 -4.203012141079468133e-07 -1.830541234471157099e-03 -5.578366696368788555e-03 -4.626683517982146466e-04 -5.753631577519213725e-02 2.026750495079049439e-04 2.455358877436576492e-06 -1.526776730620499952e-03 -1.022365697803405025e-03 -4.528276839830531755e-06 2.891054306477367137e-04 5.004002357981751636e-02 -2.742891637227440338e-02 -1.750169405062168039e-04 8.539584373751387498e-05 -2.812019605142775662e-06 1.527638901477197143e-03 -4.141865248696407001e-03 1.269301035406294152e-02 5.976419870756784561e-04 -1.529832667806272917e-01 -2.823504037742667182e-03 -7.395544472668202744e-03 7.020937387607450574e-04 -9.623991394248675329e-07 1.925908427487391046e-05 -3.645201523809161276e-09 -1.214464943537537630e-04 1.480283024275888711e-02 1.411766052514769126e-04 9.744997592078918913e-03 5.769559722349592960e-04
2.327133368354474783e+02 2.308961683168297085e+00 -1.913162251525447209e+04 -7.736856006231827010e+00 -1.075270641751092882e+02 -1.075697498861858253e-01 -1.544108303480935751e+00 3.573576677227169057e+03 8.940622661207940837e+03 -3.440532982327352329e+03 3.718735850576641155e+01 -6.547767959145809336e-01 -4.930122455593438424e+00 -5.012764567204534491e-03 1.823763028560453449e+03 3.031427202072181331e+02 -3.598497048859866254e+01 1.141998528213168720e+04 -2.493015459861326610e-01 -9.217366508799648273e+01 -1.708104313799012886e+01 -1.538882963016235692e+02 2.087529956338892134e+02 1.581591077081592744e-01 6.344595457486537953e+02 1.728682256705865257e+03 9.801329882393156057e-02 1.847146198857002730e+01 -4.020253116010380268e+01 -6.786555593115987106e-01 3.012118311570744211e+01 4.191219383946026937e+02 1.764555958257178148e+00 -9.851173606436309171e+01 -1.792273439031742654e+01 8.314885006559030444e+03 1.163372974694199797e+02 2.225801429961113698e+01 8.566180571446906367e-01 -3.073270243462854978e+01 1.670530090104774899e+03 9.865509231376430762e+03 -2.349289675410038853e+02 4.200945013332764211e+04 9.989871999368604065e+02 2.594843106389244440e+03 -2.788984528629061401e+02 3.425135720014613194e-01 -7.542432110049976934e+00 1.095549700559322057e-03 4.145467704495298733e+01 -5.813863436351542077e+03 -6.000012441030839483e+01 -1.684133576863822368e+00 -1.808151947579063972e+02
5.716457447536465253e+01 -3.128934414837989397e+00 -4.021680889921631660e+03 -1.775428054312695458e+00 -2.762149482396596412e+01 1.669297174081728896e-01 2.040968643019994477e+00 5.011614352402900749e+02 2.105256980549798755e+03 -6.827707642031125488e+02 -2.874404367827466666e-01 1.440494724646057823e-01 8.732343109062570718e+00 1.499857861656256602e-03 3.031427202072181331e+02 9.666543930120317896e+01 -8.929004073430705901e+00 2.342082543249950959e+03 -1.444720316915207303e-01 -1.991257710265209369e+01 -5.180365888023177767e+00 -2.849986920022058001e+01 4.000036072325524117e+01 3.072154529637098272e-02 1.038744725631806176e+02 3.676276298000705651e+02 -2.232835429235402736e-01 -3.300884446233320801e+01 -5.712761244611696299e+01 -3.452300885186661006e-01 5.750387850845492466e+01 8.987675774932273498e+01 3.755042883203248971e-01 -1.700308973584001038e+01 2.818716166209699381e+01 1.829895036458455479e+03 2.516482320196136868e+01 6.753989233860297148e+00 1.031617541048946707e-01 -5.770502976509978055e+01 1.181449338224357604e+02 2.396195457624644860e+03 -4.791501312882054719e+01 8.657832190954661201e+03 2.283145220576535053e+02 4.991016926704072034e+02 -5.915865876823399816e+01 6.328430565520033746e-02 -1.632764082409293938e+00 2.384816947483353545e-04 9.515351183821024961e+00 -1.112534749099575492e+03 -1.457160278249385987e+00 4.720920203727903441e+00 -1.143473161570934771e+01
-6.745720649886385978e+00 -6.633543761865483279e-02 4.449239621299748819e+02 2.026641970642439894e-01 3.273155813870640252e+00 3.031370464189791017e-03 4.438236871661697253e-02 -6.619230066971223891e+01 -2.232782880680293545e+02 7.882611979313254835e+01 6.820045106154578596e-01 1.413984394288582760e-02 1.525153335447675118e-01 1.034124839625032974e-04 -3.598497048859866254e+01 -8.929004073430705901e+00 9.523790954670173781e-01 -2.621343405496517107e+02 1.100326392226062822e-02 2.000953004627492149e+00 4.817704970804610465e-01 3.275717940708187559e+00 -4.398817628321497253e+00 -3.125618202231101369e-03 -1.317828007624114939e+01 -4.317843654878902981e+01 -3.300037748257023638e-03 -5.692764469854894038e-01 4.523340114472341078e+00 2.640659288374299848e-02 -3.403099631279710824e+00 -8.735293798767248319e+00 -3.737472967135063023e-02 2.091722611283033384e+00 5.354446525014561198e-01 -1.996375717941164680e+02 -2.527669798296004355e+00 -6.279315446935811451e-01 -1.489978473689083059e-02 3.425305633757735446e+00 -2.013669420677095445e+01 -2.474516286164811447e+02 4.877073775686715962e+00 -9.900879276270334231e+02 -2.511629825395859683e+01 -5.794104010307098918e+01 5.959494528533271662e+00 -7.404097102733898754e-03 1.618373067808134003e-01 -2.683485836857553951e-05 -1.043155874322835297e+00 1.187001175665931925e+02 6.259796150585986707e-01 6.408072044863397099e-02 2.253040438916550592e+00
2.469261613159771969e+03 2.817214906211784609e+01 -1.380795223759513465e+05 -6.556039843218350427e+01 -1.233550550855960182e+03 -1.423775081528427355e+00 -1.857144729264174998e+01 2.357398889415692611e+04 6.639965929059013433e+04 -2.445367212359687255e+04 -8.541800739748466640e+02 -5.031207459664750026e+00 -6.894663384421706098e+01 -3.743762976907057116e-02 1.141998528213168720e+04 2.342082543249950959e+03 -2.621343405496517107e+02 8.186285808630971587e+04 -1.077941058301838950e+00 -4.929410636509719552e+02 -1.244392279403147796e+02 -9.970221586189537675e+02 1.243807756564488500e+03 7.803947998939477770e-01 4.450910216667468376e+03 1.408553850396005873e+04 1.659179087775517925e+00 2.607588051898292747e+02 -6.533829961633246057e+02 -5.718763595081402862e+00 -2.446934911315979662e+02 1.887895927852199065e+03 8.760672909379106699e+00 -6.969566539573478394e+02 -2.356693784043731341e+02 6.073653293758392101e+04 6.220402064723583635e+02 1.621433843157626029e+02 5.681545853855803685e+00 2.385119944735215540e+02 8.597690268836940959e+03 7.182436394810779893e+04 -1.177890496323123216e+03 3.292663079593445291e+05 7.169596922120104864e+03 1.769880431565264735e+04 -1.401219692168671145e+03 2.294368940473055396e+00 -3.748632596836675646e+01 7.380562796192640697e-03 2.987784530753142462e+02 -2.996380720184320671e+04 -3.439357626507234045e+02 -3.293660466878043280e+01 -1.054737078806093677e+03
1.328112684716690473e-01 -3.169108714366000289e-03 2.072074135971548881e+00 -8.112021907653607731e-04 -7.882992167796537553e-02 1.498601707288233908e-04 2.108319722527633201e-03 3.159762548430552487e-01 -1.661472762830054073e+00 3.074806972935996141e-01 -2.600100934280747400e-01 3.180694939144189468e-04 7.735885634802187015e-03 3.290616126689346478e-06 -2.493015459861326610e-01 -1.444720316915207303e-01 1.100326392226062822e-02 -1.077941058301838950e+00 1.014047939461010846e-03 6.161567655260544868e-02 8.184792040426984439e-03 2.867950354735739060e-02 -7.823434694495930153e-02 -1.041327937639870328e-04 3.638199822141480189e-02 2.321811531603475698e-01 -1.760215580864183608e-04 -2.793442538950093729e-02 1.540802344500690757e-01 7.192213922630293814e-04 -5.698580051425106152e-01 -3.881131607304935671e-01 -1.332565546741507284e-03 -3.153724653399705979e-03 2.577973074989145172e-02 -1.150372622776129505e+00 -7.797294649026235980e-02 -1.068106942417858252e-02 1.793363729275816840e-04 5.697645673355654639e-01 1.702507864218395228e-01 -2.398508504001178654e+00 1.687972819085373777e-01 4.716956988626128222e+00 -2.422490951940658999e-01 -3.453141248371983663e-01 2.121023680741403461e-01 -3.896729533286927267e-05 5.839178899015127523e-03 -4.891517529724460337e-07 -9.282730001577291570e-03 3.919818204300462128e+00 -3.010191071578526001e-02 3.654754418041984351e-03 -6.101871134457915319e-02
3.828748891290085776e+00 1.533472470644904884e-01 8.358073210444584902e+02 1.884492978549490994e-01 -3.364895228243064640e+00 -9.352422312323761464e-03 -9.725541531900058767e-02 -1.238813024213726095e+02 -4.232242394113447972e+02 1.480553142328267882e+02 -2.402966432863276580e+01 1.594539045184695594e-02 -5.370051668671020906e-01 1.387854854968185764e-04 -9.217366508799648273e+01 -1.991257710265209369e+01 2.000953004627492149e+00 -4.929410636509719552e+02 6.161567655260544868e-02 8.439534567017600963e+00 1.252410861827015554e+00 8.041779825864844966e+00 -1.410158201418634860e+01 -1.480691158372654526e-02 -2.122768047385769918e+01 -3.907599220081867486e+01 1.549239515829638550e-02 2.128950092319357168e+00 1.010211046632246301e+01 7.460386741313153325e-02 -3.087225901965416242e+01 -4.706686740190195195e+01 -1.770815947733656859e-01 3.462360360945549331e+00 -1.645496588254400816e+00 -3.748439482625299775e+02 -1.066803646064538214e+01 -1.633437416207995652e+00 -2.326738078690644695e-02 3.088293786254271112e+01 -7.115092961656111470e+01 -5.141557173251508175e+02 2.248248338196844998e+01 -1.139982764175508464e+03 -5.140331485615758567e+01 -1.219771803321052772e+02 2.753973748451049630e+01 -1.608754146557652559e-02 7.671306148286323179e-01 -6.449892620351493032e-05 -2.115757425664879676e+00 5.102601224889053242e+02 8.257760091190523566e-01 -3.472787759186002909e-01 4.586768467742813549e+00
-2.525347936344418009e+00 1.512187647433212989e-01 2.136317099308952550e+02 8.771439523876069233e-02 1.175241861377400276e+00 -8.125270093461962537e-03 -9.850805228570726213e-02 -2.679056377432453218e+01 -1.118339669086259249e+02 3.634613539536918836e+01 -7.536123177218492231e-01 -6.218451375014571320e-03 -4.252583897943059688e-01 -6.523578428722658811e-05 -1.708104313799012886e+01 -5.180365888023177767e+00 4.817704970804610465e-01 -1.244392279403147796e+02 8.184792040426984439e-03 1.252410861827015554e+00 3.289566059009207399e-01 1.588483117310922177e+00 -2.336036279187610809e+00 -1.937174194748054546e-03 -5.408510000899257264e+00 -1.815412072923154696e+01 1.098063737940409464e-02 1.610326985905400798e+00 3.054073310422659837e+00 1.843720967046977646e-02 -3.366107043086773221e+00 -5.815836313245116074e+00 -2.341315674641112829e-02 8.920802078430551951e-01 -1.369393416422343135e+00 -9.712550792698856128e+01 -1.582626295545343620e+00 -4.289922669777740394e-01 -5.321909600787651934e-03 3.376262386532867144e+00 -7.631939867519388798e+00 -1.283225109577139733e+02 3.003084478622354503e+00 -4.298915231199195546e+02 -1.226894019089754728e+01 -2.698225565369931900e+01 3.690791658389089402e+00 -3.436495213851256496e-03 1.016069311660888069e-01 -1.294817608970423838e-05 -5.109455515892803446e-01 7.041514905598532437e+01 6.506732482651786387e-02 -2.328693067316559284e-01 6.318160967968814434e-01
-2.138712113569308215e+01 -2.239328782561449405e-01 1.676043560295745010e+03 6.969677452938043416e-01 9.999102917276632141e+00 1.040963898298519381e-02 1.496847535715821187e-01 -2.960102953156938952e+02 -7.988837882294694737e+02 3.003989193565330424e+02 -2.254049729934572532e+00 5.713544531638625745e-02 4.925247792186429052e-01 4.350064079227415267e-04 -1.538882963016235692e+02 -2.849986920022058001e+01 3.275717940708187559e+00 -9.970221586189537675e+02 2.867950354735739060e-02 8.041779825864844966e+00 1.588483117310922177e+00 1.322655137465618402e+01 -1.797348408173649759e+01 -1.350288183853068542e-02 -5.396296781610318760e+01 -1.535749213377854119e+02 -1.015239704584000070e-02 -1.841467839025933140e+00 7.176721921075099431e+00 7.072918214760841316e-02 -6.275029961309496862e+00 -3.642571093938815352e+01 -1.533218600477297133e-01 8.425251212680624491e+00 1.763959626507169531e+00 -7.348474665775444237e+02 -1.015234316730004771e+01 -2.070089624203241829e+00 -6.984784285080834765e-02 6.336037104039522028e+00 -1.280435986337886618e+02 -8.835533380408443236e+02 2.030832355546365520e+01 -3.674065025320330278e+03 -8.961438671509807818e+01 -2.253270289115017704e+02 2.429070008852860596e+01 -2.949349686143128146e-02 6.575842191009235727e-01 -9.813235045127508406e-05 -3.716383842118349712e+00 5.006183295203371131e+02 4.461638785125009221e+00 1.837037458374533305e-01 1.384797655793566129e+01
1.326973387403514337e+01 1.762812391868981421e-01 -2.094793967657840767e+03 -7.210482322772004959e-01 -4.739182971861239935e+00 -6.964345644666592935e-03 -1.207427342244401930e-01 3.544168937768804426e+02 1.015685641305638910e+03 -3.748944668962921014e+02 2.402339659812177786e+01 -7.061154880656607402e-02 -2.746088264352153363e-01 -5.705666745015004412e-04 2.087529956338892134e+02 4.000036072325524117e+01 -4.398817628321497253e+00 1.243807756564488500e+03 -7.823434694495930153e-02 -1.410158201418634860e+01 -2.336036279187610809e+00 -1.797348408173649759e+01 2.732359417615635877e+01 2.441675057102862464e-02 6.291885150121571257e+01 1.572992234582675906e+02 3.226012739153344758e-03 9.287496974097028124e-01 -1.378124319244112961e+01 -1.193746648662954157e-01 3.276406791147370967e+01 7.218930941684590152e+01 2.843440207436286338e-01 -9.943254811865182674e+00 -1.121217311104769854e+00 9.242079761053265656e+02 1.781397731734441692e+01 3.045313573439640376e+00 7.854223014168101868e-02 -3.281977434589359177e+01 1.728594559890597395e+02 1.163401577772796600e+03 -3.684195697932652536e+01 3.954150252397493659e+03 1.177136002024551971e+02 2.915929227501698051e+02 -4.458766540054811145e+01 3.834276859457558251e-02 -1.225648608499439352e+00 1.369635087574333542e-04 4.866438623979316702e+00 -8.710038492557307563e+02 -4.545564423875076088e+00 -2.236848167287794342e-02 -1.584009056738178245e+01
-1.211896898790039423e-02 -4.066744182034186348e-05 -1.317792115445531875e+00 -2.204433418843939675e-04 8.808616627100852164e-03 4.371117584240863777e-06 2.121123974032456782e-05 2.081320830591854298e-01 6.563880769268055637e-01 -2.335348387195052278e-01 4.685982758078168636e-02 -4.444531779372322042e-05 3.268493634431866661e-04 -4.203012141079468133e-07 1.581591077081592744e-01 3.072154529637098272e-02 -3.125618202231101369e-03 7.803947998939477770e-01 -1.041327937639870328e-04 -1.480691158372654526e-02 -1.937174194748054546e-03 -1.350288183853068542e-02 2.441675057102862464e-02 2.692534175899608662e-05 3.319985468297795284e-02 4.626212290062190619e-02 -1.189519927301995383e-05 -1.425478959244905067e-03 -1.383764498281016622e-02 -1.187456925429166657e-04 5.331306200037636694e-02 8.449592157640509194e-02 3.173869997140483200e-04 -5.428607909727311068e-03 8.802475882546577845e-04 5.861613087443531267e-01 1.871553107035716160e-02 2.526555279026879500e-03 3.896504720349809928e-05 -5.331450735089937609e-02 1.383372704285764365e-01 8.082401237402464522e-01 -4.004808262360347315e-02 1.584372757201407245e+00 8.049197238025955492e-02 1.971507808372418014e-01 -4.884538589714255280e-02 2.630566966174064088e-05 -1.372042403959175105e-03 1.009497304246684391e-07 3.316733120897441458e-03 -8.981776527706932800e-01 -1.522200663373137917e-03 3.007811340936763947e-04 -8.913359593084315205e-03
1.453784871524279083e+02 1.365802047636278216e+00 -7.446318465408564407e+03 -3.692633802460710601e+00 -7.318072865692084861e+01 -6.860734101815388342e-02 -9.010784248331140667e-01 1.428348181844283317e+03 3.436705455047498162e+03 -1.353146422003990665e+03 -6.640052451197337291e+01 -2.581156745538342734e-01 -3.389765622360931374e+00 -1.830541234471157099e-03 6.344595457486537953e+02 1.038744725631806176e+02 -1.317828007624114939e+01 4.450910216667468376e+03 3.638199822141480189e-02 -2.122768047385769918e+01 -5.408510000899257264e+00 -5.396296781610318760e+01 6.291885150121571257e+01 3.319985468297795284e-02 2.655555577431705387e+02 8.061558428089308563e+02 8.013432838994785645e-02 1.299911303185339051e+01 -3.579362538494612611e+00 -1.481662721013418949e-01 -6.825603126230153350e+01 6.765232774984863795e+01 3.557920478460742664e-01 -4.068289749674102751e+01 -1.164242176598893153e+01 3.226737257863782816e+03 2.676107100435832464e+01 7.044041066748435220e+00 3.608430279425334231e-01 6.792639857281989180e+01 5.562528670216969431e+02 3.652076961868425769e+03 -4.992911001556468165e+01 1.869159712999372641e+04 3.755335196803921463e+02 9.771294575339293260e+02 -5.810912730271267179e+01 1.274672575168919741e-01 -1.507045670780918778e+00 3.923409804954619226e-04 1.557638701368530398e+01 -1.359704959137768583e+03 -2.615835124038827431e+01 -1.588911828264379933e+00 -7.208131101962483456e+01
6.068309493496886944e+02 5.511256349385401876e+00 -2.374006663939173450e+04 -1.340700915042716446e+01 -3.171190294371730829e+02 -2.796869644817907563e-01 -3.626625451104229292e+00 4.080233825073887601e+03 1.136235404131167707e+04 -4.239870223964121578e+03 -4.161594719277554759e+02 -8.152186953606754827e-01 -1.444242366429415547e+01 -5.578366696368788555e-03 1.728682256705865257e+03 3.676276298000705651e+02 -4.317843654878902981e+01 1.408553850396005873e+04 2.321811531603475698e-01 -3.907599220081867486e+01 -1.815412072923154696e+01 -1.535749213377854119e+02 1.572992234582675906e+02 4.626212290062190619e-02 8.061558428089308563e+02 2.861749370527743395e+03 3.510047803847998193e-01 5.566216605211269552e+01 -1.009721709005473684e+02 -7.336661538723937559e-01 -2.941479442352703586e+02 2.366521812734351471e+01 4.513101113615735627e-01 -1.257024458705804477e+02 -4.869035409975400341e+01 1.045021372864983277e+04 4.917517512929291001e+01 2.364306063089301801e+01 1.028455741907020160e+00 2.927392836482690655e+02 1.144037167769308780e+03 1.183864840224274849e+04 -7.202944839156307921e+01 6.356800584991661890e+04 1.196453060473616006e+03 2.924574324193531993e+03 -8.050732211142387484e+01 3.740427509878738732e-01 -1.870783889513869314e+00 1.132903573279111674e-03 5.005015407190521159e+01 -2.393530229998495088e+03 -6.230385972521752080e+01 -7.168686360292750415e+00 -1.780952317935048370e+02
9.465346146320303966e-02 6.195902453404542598e-01 -2.771147201821332118e+00 -1.700218665801111161e-03 -5.148852157502187971e-02 -3.684906712481379742e-02 -3.969976897556926065e-01 4.939752800665390131e-01 1.296831621319477712e+00 -3.941186341097711598e-01 -8.713949257727827968e-02 -5.099191139179730381e-02 -1.611829423366222702e+00 -4.626683517982146466e-04 9.801329882393156057e-02 -2.232835429235402736e-01 -3.300037748257023638e-03 1.659179087775517925e+00 -1.760215580864183608e-04 1.549239515829638550e-02 1.098063737940409464e-02 -1.015239704584000070e-02 3.226012739153344758e-03 -1.189519927301995383e-05 8.013432838994785645e-02 3.510047803847998193e-01 4.795917607821544720e-02 5.977183840649911595e+00 -9.342341179127501560e-03 -7.650805852218132974e-05 8.259503683648708461e-02 -5.342914599851102814e-02 -1.434449132980104380e-04 -1.233897385351672045e-02 -5.197468104558461199e+00 1.223080496603309308e+00 -1.958283870631718354e-02 -1.435142967311247089e-02 1.433543566000666108e-04 -8.264536284462074833e-02 8.790231592454988627e-03 -3.366787516115762990e+00 1.781961251286104039e-02 9.672686112523638968e+00 9.304947525254138319e-02 2.450390666432981368e-01 2.189955549317443642e-02 3.017264553387767655e-05 6.220278262125462270e-04 1.397972009347405110e-07 4.308011697578824177e-03 3.772680038228395927e-01 -6.103158724689207969e-03 -1.009860929351317882e+00 -2.450194645780383318e-02
1.459990085448397501e+01 8.436828171796747711e+01 -4.356127972393865662e+02 -2.659601432073144256e-01 -7.921027368672683089e+00 -4.590456788861257742e+00 -5.488673149067639656e+01 7.708468322552448626e+01 2.046300240477428645e+02 -6.515332185289622657e+01 -1.304118786935344332e+01 -6.352009878943844612e+00 -2.254947625786320202e+02 -5.753631577519213725e-02 1.847146198857002730e+01 -3.300884446233320801e+01 -5.692764469854894038e-01 2.607588051898292747e+02 -2.793442538950093729e-02 2.128950092319357168e+00 1.610326985905400798e+00 -1.841467839025933140e+00 9.287496974097028124e-01 -1.425478959244905067e-03 1.299911303185339051e+01 5.566216605211269552e+01 5.977183840649911595e+00 8.452978954393736331e+02 -1.649387017208392425e+00 -1.205057305041327270e-02 1.324732596150901820e+01 -7.115505296278350933e+00 -1.821149922952582101e-02 -2.018260148193124603e+00 -7.334511249240108555e+02 1.924340988855846604e+02 -2.692473041221344676e+00 -2.105128801505598446e+00 2.186503932448548987e-02 -1.325437686032965523e+01 5.318121435679366016e+00 -4.629542440492382980e+02 2.170212672141873522e+00 1.469874319490824973e+03 1.594947668042250122e+01 4.130882324519344451e+01 2.736446934216926419e+00 5.151905815488486660e-03 7.975239337936869399e-02 2.328699745266679498e-05 7.212781322375559911e-01 4.149457138104303056e+01 -9.907910337097213249e-01 -1.253903489716762181e+02 -3.760802102718454609e+00
