1.299416120839391851e+03 3.439280189712841551e+00 -1.178206045001665007e+04 -2.679952445577956510e+01 -6.274804874939852652e+02 -2.035284683716212517e-01 -3.035086895375815441e+00 1.926112808905686506e+03 5.526599222489087879e+03 -2.072701582038264860e+03 -1.082241122335103455e+03 -5.082032742633233457e-01 -1.264602338095675726e+01 5.138038061770004106e+02 1.278144538230295950e+02 -8.548847835840851062e+00 6.401638755612954810e+03 2.948795475389397458e-01 4.014456055458598627e+01 -4.857155104506527543e+00 -1.720076064537494176e+01 1.514690935791133697e+01 4.087709867126196173e+02 1.457212810708929510e+03 2.115578264915149997e-01 4.854071590695544103e+01 -4.437892411635009893e+01 -1.063114747022712719e-01 -2.653358661765577722e+02 -6.620611844599990548e+01 -5.466578963623009990e-01 -8.103658555929122542e+01 -4.004287496748267472e+01 5.758635624830251800e+03 -5.910524374788248281e+01 6.186759467291717662e+00 4.919034984911700992e-01 2.646189843964031070e+02 9.811301405001404419e+01 4.678217747012593463e+03 1.997926366170970596e+02 3.443665698117166903e+04 4.621811149470271403e+02 1.071797048528982941e+03 1.619389981049920664e+02 1.357921040576423044e-01 2.267420513104366542e+00 1.022335948267665628e+01 6.902820785179314953e+02 2.847605441478767574e+01 -6.713978780720277761e+00 -7.674145043335337846e+01
3.439280189712841551e+00 4.922149717930307311e+00 -4.373212643442060710e+01 -8.056780042624760163e-02 -1.624840634913327975e+00 -3.085639731089395155e-01 -4.321638741048080767e+00 7.044172218940235375e+00 2.056647322900131414e+01 -6.757244272247740824e+00 -2.438358247636380760e+00 -5.833853035870218973e-01 -1.721037195123354735e+01 1.707512148056334222e+00 -2.355761425987759061e+00 -3.010742624025070091e-02 2.384834038626283714e+01 -2.741758238867192908e-03 3.818943729567395584e-01 1.005343160523831797e-01 -6.153333391038461747e-02 5.789100128382461408e-02 1.314955777625534949e+00 4.715315178369755778e+00 3.169357310638113434e-01 6.393984423498876879e+01 -2.449553924719547748e-01 -9.617839657442811118e-04 1.486834494335396162e+00 -1.134015310775312174e-01 -5.147520778209662990e-04 -2.404842451667731085e-01 -5.366996961163171420e+01 2.149751542403384974e+01 -5.547522215646284449e-01 -1.287639392856582965e-01 1.853843184673165199e-03 -1.487807411215248399e+00 5.637861407145885323e-02 -3.124799325599309796e+01 2.010039950784189011e-01 1.305305548324862173e+02 1.573919257232969438e+00 3.839840572716332279e+00 1.565626356932011964e-01 4.924710365615198385e-04 2.087879705129418780e-03 3.631112849809190607e-02 8.700227325871205952e-01 8.239806807006765099e-02 -1.014083646855515397e+01 -3.060841724645392281e-01
-1.178206045001665007e+04 -4.373212643442060710e+01 2.629065932080888306e+05 3.822947750997221874e+02 5.157969338435886129e+03 2.508473345433141599e+00 3.871172076352289082e+01 -4.262053201566596545e+04 -1.244174739855089574e+05 4.610794174775959982e+04 4.516182430187413956e+03 1.036973859172959322e+01 1.459273945771474530e+02 -1.879064710536703569e+04 -4.272116928143635960e+03 2.366480296400582972e+02 -1.426031973191624566e+05 2.510592597022754724e+00 2.737364993567805413e+03 1.953354103566227025e+02 5.904999754990463998e+02 -6.294120538397424980e+02 -8.616743551543204376e+03 -2.287513799008556452e+04 -2.333819793264287679e+00 -5.450804550038981233e+02 1.229591256743650547e+03 6.050299236601268227e+00 -9.558999577688800287e+01 -1.180232834432049231e+03 -1.624715828862959555e+01 1.426834759070727614e+03 4.752717250403181879e+02 -1.282296594705695024e+05 -3.961969012643165115e+03 -2.493434357975093860e+02 -9.850533022246294124e+00 1.058506308878553028e+02 -1.179351433769501091e+04 -1.274503303388075437e+05 7.547509328058498795e+03 -5.942669919066325529e+05 -1.251873024250874369e+04 -3.044408562024357889e+04 5.387445191041887483e+03 -4.084487275731691902e+00 6.166391879364010009e+01 -2.674089833254232076e+02 5.674790281929557386e+04 -4.399425151533893654e+02 7.046161149531955914e+01 1.777718150762030746e+03
-2.679952445577956510e+01 -8.056780042624760163e-02 3.822947750997221874e+02 6.921178407967463198e-01 1.241357238364599347e+01 4.673782646066829832e-03 7.123266090029513331e-02 -6.237613793960816366e+01 -1.801830894921513107e+02 6.783615900700624479e+01 1.745111699746455969e+01 1.518735396993897875e-02 2.837230003624070518e-01 -2.280911709079691718e+01 -5.377788334901250522e+00 3.226741363496935522e-01 -2.076823202128163928e+02 -1.734656266673211943e-03 1.827475291314649031e+00 2.300398157103678565e-01 7.362136821629846617e-01 -7.421619978704595555e-01 -1.302879933338216922e+01 -3.924846596390273135e+01 -4.650767337057562512e-03 -1.076225026530861495e+00 1.727459463661113803e+00 6.239045612768097902e-03 3.483289863743509684e+00 -1.437266158959097928e-01 -7.009974476340644425e-03 2.310792561412323920e+00 9.099290379295711384e-01 -1.868592815943859478e+02 -2.634094230557875171e+00 -2.934618072813605094e-01 -1.509552813019180220e-02 -3.464182663417395336e+00 -1.060236585653774810e+01 -1.725930291279323399e+02 3.869062324207444004e+00 -9.716485214799176902e+02 -1.726025627907137050e+01 -4.097408935843048994e+01 2.580819336450987045e+00 -5.362788031948074671e-03 2.483971011004065810e-02 -3.716707284510199494e-01 3.841231377427289573e+01 -7.676023562401597111e-01 1.450563482777024460e-01 2.496585268710596939e+00
-6.274804874939852652e+02 -1.624840634913327975e+00 5.157969338435886129e+03 1.241357238364599347e+01 3.050366958986126065e+02 9.646143320622009576e-02 1.433440881170477521e+00 -8.365279227121147869e+02 -2.422779196662286267e+03 9.041736414148112999e+02 5.408329195592475571e+02 2.271182796490063827e-01 6.021729286541844139e+00 -1.996420561160135208e+02 -5.215941777472461638e+01 3.597815481085778977e+00 -2.800993702745093287e+03 -1.559555434892108960e-01 -2.921285316563897894e+01 1.889333250908750816e+00 6.831503877079089015e+00 -5.661876694273796140e+00 -1.787286193076305949e+02 -6.682489338688196767e+02 -1.010800447104577282e-01 -2.315849424857599459e+01 1.980769367140182524e+01 3.854477875903699474e-02 1.338498452974538964e+02 3.751401658954250706e+01 3.317495358426664209e-01 3.659280878136252113e+01 1.902289446156719777e+01 -2.523935243897675264e+03 4.279681570994418394e+01 -2.404983830405964973e+00 -2.164006175692999023e-01 -1.335181520434106233e+02 -8.604559571701445364e+00 -1.977862690680467949e+03 -1.262187769337190559e+02 -1.561038656419133986e+04 -1.945996292493854298e+02 -4.446292827421876268e+02 -1.001139220323215540e+02 -5.558636226898862331e-02 -1.359079676392244140e+00 -4.342535634395034094e+00 -5.300952991135017101e+02 -1.319319384424237818e+01 3.218164146016596394e+00 3.276984758764759675e+01
-2.035284683716212517e-01 -3.085639731089395155e-01 2.508473345433141599e+00 4.673782646066829832e-03 9.646143320622009576e-02 2.038022907584042392e-02 2.695837898997127668e-01 -4.187611528213951995e-01 -1.165262167710376051e+00 3.806276936142291012e-01 1.494507617561625090e-01 3.852087738632609809e-02 1.053378727855737829e+00 -9.257851902448439863e-02 1.411728467619236260e-01 1.595177739997062681e-03 -1.371056040979466095e+00 1.483470712008463606e-04 -2.580518622964888750e-02 -6.059063411539195032e-03 3.304626626348116780e-03 -3.019499718160943615e-03 -7.645638321636334667e-02 -2.729548650235037455e-01 -2.091981770127892409e-02 -3.890039547568794109e+00 1.050037011196242390e-02 4.807021744743706265e-05 -7.933260248344881083e-02 8.872717185883519098e-03 5.392279833658280495e-05 1.390368614586107339e-02 3.269030898235047111e+00 -1.226972985322250187e+00 3.747735541007590765e-02 7.759092068796067353e-03 -1.122688056039099192e-04 7.938868474555098309e-02 -3.804322145896189399e-03 1.969772435994027626e+00 -2.227177680433389470e-02 -7.692513517431277315e+00 -8.443903818913436887e-02 -2.127922925735436233e-01 -1.701408768803060884e-02 -2.717078639633286124e-05 -2.161866606558685466e-04 -1.976153980592648771e-03 -1.218060456944021208e-01 -4.516181922347067834e-03 6.709879361985602308e-01 1.931285998853957478e-02
-3.035086895375815441e+00 -4.321638741048080767e+00 3.871172076352289082e+01 7.123266090029513331e-02 1.433440881170477521e+00 2.695837898997127668e-01 3.796110212479418600e+00 -6.216850134326492139e+00 -1.822389529670827812e+01 5.990790183579929540e+00 2.144520918436187973e+00 5.097025304139508606e-01 1.514356394518318538e+01 -1.519531891331652451e+00 2.076447219779289366e+00 2.682486765223116715e-02 -2.110659476234734910e+01 2.438237755380381726e-03 -3.324755260176882610e-01 -8.856659914824026314e-02 5.478781383795917892e-02 -5.167184466737412274e-02 -1.162670417859967165e+00 -4.169775019237439651e+00 -2.769155905830135711e-01 -5.629147508656110688e+01 2.213609069400111207e-01 8.607023939681918102e-04 -1.323675927911216244e+00 9.702681401948212714e-02 4.210134934182710605e-04 2.127162419176348573e-01 4.724516480195561030e+01 -1.903731511994121206e+01 4.829767536071818967e-01 1.134375015870729558e-01 -1.633288127031436035e-03 1.324536518843824728e+00 -5.090799428385954506e-02 2.741370017302410744e+01 -1.626855275393464251e-01 -1.152565489067896181e+02 -1.400953737336169791e+00 -3.409336485579696152e+00 -1.272328268196440682e-01 -4.374415122631313837e-04 -1.711761884546180888e-03 -3.228335174402393454e-02 -6.680708110080403328e-01 -7.319735154015873102e-02 8.858174405218955272e+00 2.687255668048508794e-01
1.926112808905686506e+03 7.044172218940235375e+00 -4.262053201566596545e+04 -6.237613793960816366e+01 -8.365279227121147869e+02 -4.187611528213951995e-01 -6.216850134326492139e+00 8.885914353235735689e+03 1.836045817950386845e+04 -7.861422831334940383e+03 -8.277421819603882795e+02 -1.781993936291570657e+00 -2.355865457940063479e+01 3.538818154271752064e+03 4.341299702807952485e+02 -3.179439422294886342e+01 2.360238780770268568e+04 3.544267251838248423e-01 -3.589204191276962206e+02 -2.023996517208427903e+01 -1.014186196417411168e+02 1.059233542284317195e+02 1.729694771671260469e+03 3.877804305197340454e+03 3.871625534619638764e-01 8.903599491773418606e+01 1.914536049124778572e+02 -5.641049258424115503e-02 -4.625860975398857136e+02 1.322075136805454179e+02 2.091733225747559821e+00 -2.617572126167489159e+02 -7.682537009615812451e+01 2.003575107541861507e+04 5.181378320334533782e+02 2.581275215143897839e+01 2.217738046370126170e+00 4.613456301318230999e+02 3.427671978037242297e+03 1.816571495032834355e+04 -1.019806124843442944e+03 1.021012730379621644e+05 1.845869214821631431e+03 5.269543742998282141e+03 -6.929946714174792533e+02 7.228706134815732209e-01 -7.577023834434172045e+00 3.915891099851943835e+01 -8.182971143921545263e+03 4.010833070784624965e+01 -1.155916743298091731e+01 -4.961240013038287202e+02
5.526599222489087879e+03 2.056647322900131414e+01 -1.244174739855089574e+05 -1.801830894921513107e+02 -2.422779196662286267e+03 -1.165262167710376051e+00 -1.822389529670827812e+01 1.836045817950386845e+04 6.054141667024985509e+04 -2.148178529888746198e+04 -2.002724780832839087e+03 -4.803945912472835644e+00 -6.848210776623010076e+01 8.464418860097493962e+03 2.260935853821956243e+03 -1.182424865426841052e+02 6.704534697984496597e+04 -1.934612451305015579e+00 -1.386165336814175589e+03 -1.031395754815299028e+02 -2.749991484512693773e+02 2.953788739005084949e+02 3.773864701157667696e+03 1.064589516422240376e+04 1.084250188927621039e+00 2.547579688377362004e+02 -9.429658366049501410e+02 -3.707505168261525430e+00 5.137127608044648923e+02 6.224241264462015124e+02 8.281598352214684766e+00 -6.468632209408817744e+02 -2.230693970792695211e+02 6.137899986911316228e+04 2.007597165410981916e+03 1.316784938205833555e+02 4.088763771790883794e+00 -5.189518511719275011e+02 4.208322088985942173e+03 6.266459141784183157e+04 -3.802218274128664234e+03 2.752034270230625407e+05 6.104585127789498074e+03 1.412637685803210479e+04 -2.747485843920091611e+03 1.880461007480575431e+00 -3.177854235239292180e+01 1.305904911368984358e+02 -2.810773506634004298e+04 2.368480715308789968e+02 -3.283113640134888556e+01 -6.495466062564897811e+02
-2.072701582038264860e+03 -6.757244272247740824e+00 4.610794174775959982e+04 6.783615900700624479e+01 9.041736414148112999e+02 3.806276936142291012e-01 5.990790183579929540e+00 -7.861422831334940383e+03 -2.148178529888746198e+04 8.254798621965024722e+03 7.846747534255753180e+02 1.726331829669398576e+00 2.243365268280201619e+01 -3.407770277915752558e+03 -6.975164143107970176e+02 4.109221184845292640e+01 -2.513030989611584664e+04 3.432234901571852848e-01 4.775162109840558742e+02 3.203827873084490108e+01 1.057562870538207136e+02 -1.125566699188738227e+02 -1.588581794668084740e+03 -4.066710271158221985e+03 -3.478975877447950116e-01 -8.401501699510538401e+01 1.624186326685521067e+02 8.683416717959996367e-01 5.054201602861208897e+01 -2.062756828039723587e+02 -2.847798045308846060e+00 2.579677703322911952e+02 7.360593443065785380e+01 -2.238687784651988477e+04 -6.910581803188948697e+02 -4.089133486139368046e+01 -1.844829366154044026e+00 -4.874630482332004533e+01 -2.300670589160358759e+03 -2.193927871382116064e+04 1.333067082708830185e+03 -1.045241449285298149e+05 -2.203632894198887243e+03 -5.475400152487696687e+03 9.498371219931408405e+02 -7.356566321341152515e-01 1.079463782997148869e+01 -4.690894881909378711e+01 1.013710640375970070e+04 -7.295450743502433966e+01 1.040801325915153441e+01 3.450977468243420390e+02
-1.082241122335103455e+03 -2.438358247636380760e+00 4.516182430187413956e+03 1.745111699746455969e+01 5.408329195592475571e+02 1.494507617561625090e-01 2.144520918436187973e+00 -8.277421819603882795e+02 -2.002724780832839087e+03 7.846747534255753180e+02 1.111947282171510551e+03 2.230015479846500226e-01 9.542202842524547535e+00 5.677080006625747188e+01 1.164698830348405068e+01 1.207817733673368865e+00 -2.471486527058250886e+03 -5.062907556807021425e-01 -1.624300367057238077e+02 -1.729771792758914017e+00 -1.038008867919072209e+00 5.289768688192919122e+00 -1.884538043609114766e+02 -9.291989613138608775e+02 -1.661519734238542378e-01 -3.732196259710279662e+01 -1.582547111471031087e+01 -1.378619461310164052e-01 3.587143592298779708e+02 1.340475388978098863e+02 1.358782416655874403e+00 4.506163006748360544e+01 2.970886045177968882e+01 -2.173838201872775699e+03 2.364252903024529360e+02 2.224726648824931985e+00 -2.576662068535003347e-01 -3.582577708441126561e+02 2.389365778078383471e+02 -8.599292292389916383e+02 -5.626489688448522202e+02 -2.041746971408277750e+04 -8.557756298444874687e+01 -1.867733266086630977e+02 -4.277428301754753761e+02 -1.652357379119529651e-02 -5.418786323191151943e+00 -2.211927793098585671e+00 -3.217272398416672331e+03 -1.529388668034969001e+01 5.400517889496581958e+00 3.674011419206065199e+01
-5.082032742633233457e-01 -5.833853035870218973e-01 1.036973859172959322e+01 1.518735396993897875e-02 2.271182796490063827e-01 3.852087738632609809e-02 5.097025304139508606e-01 -1.781993936291570657e+00 -4.803945912472835644e+00 1.726331829669398576e+00 2.230015479846500226e-01 7.296937387066433633e-02 1.991398579107703348e+00 -6.814921647711645880e-01 1.738296654634249594e-01 8.225830759999443534e-03 -5.667154587548078659e+00 4.040156038567248504e-04 4.803379149865782266e-02 -6.835465986486114788e-03 2.146535281704513645e-02 -2.269116944483376419e-02 -3.329024185383906986e-01 -9.103795731853087103e-01 -3.953150464496976019e-02 -7.354003751791909238e+00 3.621015615697029816e-02 2.279980710022867947e-04 -1.990040404690089915e-01 -3.696958552892343208e-02 -5.440625791483634857e-04 5.489116698998455779e-02 6.180682270020748881e+00 -5.034774255909895579e+00 -6.939786672483300167e-02 8.770417491197292012e-03 -4.329728889096836546e-04 1.992530663675060598e-01 -4.336879910100853164e-01 8.995932796096357542e-01 2.501754787765226307e-01 -2.530868435334910416e+01 -4.359368931516103274e-01 -1.118091139941646217e+00 1.773155427068434098e-01 -1.501012703770490426e-04 2.049283248374356940e-03 -9.609881080228182409e-03 1.849640477672348071e+00 -1.568452884642517614e-02 1.267725918013705710e+00 8.413412704632990124e-02
-1.264602338095675726e+01 -1.721037195123354735e+01 1.459273945771474530e+02 2.837230003624070518e-01 6.021729286541844139e+00 1.053378727855737829e+00 1.514356394518318538e+01 -2.355865457940063479e+01 -6.848210776623010076e+01 2.243365268280201619e+01 9.542202842524547535e+00 1.991398579107703348e+00 6.080961434478819427e+01 -5.019374472988144653e+00 8.742596241188886452e+00 9.630555718436893675e-02 -7.961718191488985497e+01 9.174077771817097313e-03 -1.722380422906970132e+00 -3.749224678377052755e-01 1.868144350766779982e-01 -1.664399357385000222e-01 -4.435318598447653748e+00 -1.665778934265605571e+01 -1.082366445986720604e+00 -2.265002895822249798e+02 7.851333586387136965e-01 2.880526676004055691e-03 -4.972244231087080912e+00 6.347288569276782200e-01 4.386287641374639161e-03 8.268237665622293342e-01 1.900221371107419657e+02 -7.174827063009590233e+01 2.501948610219201008e+00 4.801805048910569029e-01 -6.319285527401686565e-03 4.975539669262861509e+00 6.489386985155689569e-01 1.171038231277820358e+02 -1.820326972206777416e+00 -4.549221492654855865e+02 -5.062562541563059071e+00 -1.230577356031389336e+01 -1.379363730766867580e+00 -1.562493031866759967e-03 -1.746254632011985317e-02 -1.177336715338590939e-01 -1.020537466939584803e+01 -2.835338616894021446e-01 3.458651077909959781e+01 1.023993900482367270e+00
5.138038061770004106e+02 1.707512148056334222e+00 -1.879064710536703569e+04 -2.280911709079691718e+01 -1.996420561160135208e+02 -9.257851902448439863e-02 -1.519531891331652451e+00 3.538818154271752064e+03 8.464418860097493962e+03 -3.407770277915752558e+03 5.677080006625747188e+01 -6.814921647711645880e-01 -5.019374472988144653e+00 1.667298681532710816e+03 2.699816367270194064e+02 -1.634440544112400318e+01 1.032096671745199092e+04 -2.302550703689034417e-01 -2.725146996427764066e+02 -1.322149050906504364e+01 -4.926244720847941494e+01 5.394170279967867287e+01 6.804030012867376627e+02 1.438040432862782609e+03 6.695850283526133540e-02 1.839772251620686205e+01 -3.713267596654752367e+00 -3.050486650606727412e-01 4.560298629966769113e+01 1.421020258047824143e+02 1.777928540545428371e+00 -1.018804086920282970e+02 -1.736931430376768759e+01 8.979137170669004263e+03 3.945372154866858523e+02 1.687785911068875677e+01 8.256832649452212625e-01 -4.609349851103921480e+01 1.484194274883517437e+03 8.971767496474250947e+03 -8.156068084955724089e+02 3.882088488120204420e+04 8.933364837814929160e+02 2.397980881161099205e+03 -5.802714805816428907e+02 3.306229095156799636e-01 -6.724339099636448935e+00 1.893365161339960778e+01 -5.919712577674145905e+03 2.047653024371460972e+01 -1.696420044848389930e+00 -1.814988018887102044e+02
1.278144538230295950e+02 -2.355761425987759061e+00 -4.272116928143635960e+03 -5.377788334901250522e+00 -5.215941777472461638e+01 1.411728467619236260e-01 2.076447219779289366e+00 4.341299702807952485e+02 2.260935853821956243e+03 -6.975164143107970176e+02 1.164698830348405068e+01 1.738296654634249594e-01 8.742596241188886452e+00 2.699816367270194064e+02 1.111830270806554211e+02 -4.840567790146057980e+00 2.252967528240762931e+03 -1.715109062282084151e-01 -7.093302920930275945e+01 -5.101534209491903837e+00 -9.636165937116635050e+00 1.085995926855663818e+01 9.402350269200043442e+01 3.081394530550938953e+02 -1.499074270505879325e-01 -3.297634404883447701e+01 -7.185991809033008337e+01 -2.405976615295861709e-01 8.502544839788956210e+01 3.806137922518780670e+01 4.538207587673784293e-01 -1.778931778647489281e+01 2.710540746104916465e+01 2.179216471472366720e+03 1.029358959534470870e+02 6.516701791287801804e+00 7.479737132203771732e-02 -8.522206447569611498e+01 3.456510645605181509e+01 2.519505430153489215e+03 -1.992890721870074060e+02 8.189057030962145291e+03 2.335046441941984767e+02 4.727191593142050010e+02 -1.485907349626891403e+02 6.226181362546968912e-02 -1.787348907092543460e+00 5.005328635058479136e+00 -1.348839544473158185e+03 1.047874269865788399e+01 4.839904169545033774e+00 -2.462274393134530559e+00
-8.548847835840851062e+00 -3.010742624025070091e-02 2.366480296400582972e+02 3.226741363496935522e-01 3.597815481085778977e+00 1.595177739997062681e-03 2.682486765223116715e-02 -3.179439422294886342e+01 -1.182424865426841052e+02 4.109221184845292640e+01 1.207817733673368865e+00 8.225830759999443534e-03 9.630555718436893675e-02 -1.634440544112400318e+01 -4.840567790146057980e+00 2.495420026945807390e-01 -1.270104984941241071e+02 6.290219387926414621e-03 3.308196608018581397e+00 2.237767950935774242e-01 5.488641691721388716e-01 -6.030595622229071306e-01 -6.703513226752699339e+00 -1.913378482924224855e+01 -1.397080456074586063e-03 -3.527149503182825940e-01 2.653478125820058153e+00 8.444202817469171826e-03 -2.596087506258843547e+00 -1.675093650232334808e+00 -2.076546471841778790e-02 1.154809288178746396e+00 3.197815027240723529e-01 -1.183225554773279526e+02 -4.796857150586001595e+00 -2.857515428638974786e-01 -6.636023044794762960e-03 2.606777298369666873e+00 -6.197664476668065525e+00 -1.262967634350034416e+02 9.361079315751075214e+00 -4.864089132134262741e+02 -1.258320902286395970e+01 -2.778799482741047200e+01 6.889388542900782397e+00 -3.676104075191294514e-03 8.096980749131188482e-02 -2.681612573803510147e-01 6.704638055185272094e+01 -4.940966391974093153e-01 4.131717879130472615e-02 8.524891175727452586e-01
6.401638755612954810e+03 2.384834038626283714e+01 -1.426031973191624566e+05 -2.076823202128163928e+02 -2.800993702745093287e+03 -1.371056040979466095e+00 -2.110659476234734910e+01 2.360238780770268568e+04 6.704534697984496597e+04 -2.513030989611584664e+04 -2.471486527058250886e+03 -5.667154587548078659e+00 -7.961718191488985497e+01 1.032096671745199092e+04 2.252967528240762931e+03 -1.270104984941241071e+02 7.748077581467130221e+04 -1.173060122035408437e+00 -1.468267312161397740e+03 -1.030927761025698999e+02 -3.220770938968545352e+02 3.428518002012348234e+02 4.756994564954268753e+03 1.245636951493869128e+04 1.275432663775284636e+00 2.976284384276277706e+02 -5.793719017545334964e+02 -3.046648642781009109e+00 -6.843322754708052003e+01 6.291099290552868979e+02 8.713702344400958921e+00 -7.819156986842878041e+02 -2.592908264234094418e+02 6.938473693573747005e+04 2.124818497676940297e+03 1.315906296839200991e+02 5.493173177399564011e+00 6.294602563084888658e+01 6.757959251731967015e+03 6.852707786473970918e+04 -4.059665385823196175e+03 3.234622908398760483e+05 6.756010864134697840e+03 1.661190321351014791e+04 -2.889936613684810254e+03 2.232249926680976770e+00 -3.299027775556928077e+01 1.442627935074281140e+02 -3.066014304401296613e+04 2.316720937303844323e+02 -3.848771034192336771e+01 -1.013709826519019543e+03
2.948795475389397458e-01 -2.741758238867192908e-03 2.510592597022754724e+00 -1.734656266673211943e-03 -1.559555434892108960e-01 1.483470712008463606e-04 2.438237755380381726e-03 3.544267251838248423e-01 -1.934612451305015579e+00 3.432234901571852848e-01 -5.062907556807021425e-01 4.040156038567248504e-04 9.174077771817097313e-03 -2.302550703689034417e-01 -1.715109062282084151e-01 6.290219387926414621e-03 -1.173060122035408437e+00 8.763955019375512835e-04 1.906817600077466146e-01 7.890753358011155794e-03 1.064606469069203330e-02 -1.498300385870762405e-02 5.503432491282506112e-02 1.697473901290311726e-01 -1.393090904867452437e-04 -3.299606738516887294e-02 1.702652589736353139e-01 4.535814750541688469e-04 -5.444016707016189338e-01 -1.352435176983322607e-01 -1.369116812155235074e-03 -6.491639113189041910e-03 2.928420048849812371e-02 -1.528988160955415232e+00 -2.771701337891814831e-01 -1.008676541913975516e-02 1.904790187403190469e-04 5.444647527755456240e-01 2.125987426169967942e-01 -2.799081957412503208e+00 6.035382348498563587e-01 4.117642253631156990e+00 -2.682430433763022815e-01 -3.535179648802845853e-01 4.560585172865596060e-01 -4.241431678017530373e-05 5.459672819739171991e-03 -5.360564253751354084e-03 4.166048029053981416e+00 -1.397870004706463533e-02 4.384525965612857262e-03 -6.824414750167870358e-02
4.014456055458598627e+01 3.818943729567395584e-01 2.737364993567805413e+03 1.827475291314649031e+00 -2.921285316563897894e+01 -2.580518622964888750e-02 -3.324755260176882610e-01 -3.589204191276962206e+02 -1.386165336814175589e+03 4.775162109840558742e+02 -1.624300367057238077e+02 4.803379149865782266e-02 -1.722380422906970132e+00 -2.725146996427764066e+02 -7.093302920930275945e+01 3.308196608018581397e+00 -1.468267312161397740e+03 1.906817600077466146e-01 8.553004967131590774e+01 3.701852128875312342e+00 8.698929026933591047e+00 -1.045843925669827001e+01 -6.698884563545689730e+01 -1.007830640704702461e+02 3.378095597200716366e-02 6.881980536424006090e+00 3.706633653528919581e+01 1.522492350100877190e-01 -1.078343545224499991e+02 -5.450036421918192531e+01 -6.044525590098741574e-01 9.836265805981982524e+00 -5.075988489960776562e+00 -1.369796867128654640e+03 -1.241383385431895050e+02 -4.730205577159351193e+00 -5.920477640435840849e-02 1.078881155907163247e+02 -1.799212556835130954e+02 -1.691477492978446207e+03 2.649004570546233595e+02 -3.225014443667977957e+03 -1.620658024386719376e+02 -3.723741350808459742e+02 1.956258495772224819e+02 -5.145978192032520104e-02 2.359746903157430520e+00 -3.423061826389274032e+00 1.767182670407315754e+03 -4.641390086592767972e+00 -1.164732949117996519e+00 1.038822154177936063e+01
-4.857155104506527543e+00 1.005343160523831797e-01 1.953354103566227025e+02 2.300398157103678565e-01 1.889333250908750816e+00 -6.059063411539195032e-03 -8.856659914824026314e-02 -2.023996517208427903e+01 -1.031395754815299028e+02 3.203827873084490108e+01 -1.729771792758914017e+00 -6.835465986486114788e-03 -3.749224678377052755e-01 -1.322149050906504364e+01 -5.101534209491903837e+00 2.237767950935774242e-01 -1.030927761025698999e+02 7.890753358011155794e-03 3.701852128875312342e+00 2.719956278621425971e-01 4.638680550803708225e-01 -5.286594728785892761e-01 -4.268924870065196053e+00 -1.316282739365072274e+01 6.493252735357652947e-03 1.416768415875345521e+00 3.242256638626194842e+00 1.085654582342085277e-02 -3.929668969070765350e+00 -2.007182441555237506e+00 -2.337434929910151699e-02 7.957832078554202271e-01 -1.160078074350140653e+00 -9.946439052834800520e+01 -5.370944638960542861e+00 -3.475171168001992550e-01 -3.372636373375028848e-03 3.938383863971579135e+00 -2.889834549779302542e+00 -1.160429921945468550e+02 1.032827812082940966e+01 -3.511737331528318578e+02 -1.077727484475366282e+01 -2.209424375377774297e+01 7.659463792602650756e+00 -2.927151276855363953e-03 9.164863439040488169e-02 -2.308091700844738525e-01 7.086070836764046987e+01 -4.683699230760186016e-01 -2.103158547294442793e-01 1.591034687648241741e-01
-1.720076064537494176e+01 -6.153333391038461747e-02 5.904999754990463998e+02 7.362136821629846617e-01 6.831503877079089015e+00 3.304626626348116780e-03 5.478781383795917892e-02 -1.014186196417411168e+02 -2.749991484512693773e+02 1.057562870538207136e+02 -1.038008867919072209e+00 2.146535281704513645e-02 1.868144350766779982e-01 -4.926244720847941494e+01 -9.636165937116635050e+00 5.488641691721388716e-01 -3.220770938968545352e+02 1.064606469069203330e-02 8.698929026933591047e+00 4.638680550803708225e-01 1.505835747015705550e+00 -1.654912522573641409e+00 -1.991402634724977361e+01 -4.542648945771239255e+01 -2.570474110039296361e-03 -6.833728069701283658e-01 2.132004277327780972e+00 1.333166016607554086e-02 -3.504409869219596185e+00 -4.550124560168065990e+00 -5.634502531238294587e-02 3.090689766486727663e+00 6.356212155201633740e-01 -2.862226676078691980e+02 -1.260023760451362307e+01 -5.922305320422271979e-01 -2.297053331190499967e-02 3.523005105877909937e+00 -3.758124576565910502e+01 -2.930594255144713998e+02 2.570482531449577124e+01 -1.204857076521655472e+03 -2.918087393736649204e+01 -7.373163621966446613e+01 1.847275210746940743e+01 -1.004868271239240871e-02 2.150524951200080970e-01 -6.189022801250808614e-01 1.858083905104227256e+02 -8.253417788270215327e-01 6.962513225639482828e-02 4.599843692973943909e+00
1.514690935791133697e+01 5.789100128382461408e-02 -6.294120538397424980e+02 -7.421619978704595555e-01 -5.661876694273796140e+00 -3.019499718160943615e-03 -5.167184466737412274e-02 1.059233542284317195e+02 2.953788739005084949e+02 -1.125566699188738227e+02 5.289768688192919122e+00 -2.269116944483376419e-02 -1.664399357385000222e-01 5.394170279967867287e+01 1.085995926855663818e+01 -6.030595622229071306e-01 3.428518002012348234e+02 -1.498300385870762405e-02 -1.045843925669827001e+01 -5.286594728785892761e-01 -1.654912522573641409e+00 1.842225209883890269e+00 2.067455817260878348e+01 4.552976024857472481e+01 2.125848704387168879e-03 5.968007450860254304e-01 -2.851041585937316380e+00 -1.624990178235471636e-02 6.096223592980503980e+00 5.735455365045993403e+00 6.916123926111797382e-02 -3.186346110101391460e+00 -5.777288850004405063e-01 3.059492922739129313e+02 1.515489642366445189e+01 6.750407119460781757e-01 2.345682591416008850e-02 -6.114958283558394214e+00 4.088322656885757311e+01 3.201545906167700650e+02 -3.128703080118190627e+01 1.221907956223110432e+03 3.175156842937500201e+01 7.955099515540257471e+01 -2.260604118731849610e+01 1.086685953218424761e-02 -2.651799898575250003e-01 6.729704207568342200e-01 -2.225852290150700696e+02 8.905225082196424058e-01 -5.367845138085518275e-02 -4.693608118546157115e+00
4.087709867126196173e+02 1.314955777625534949e+00 -8.616743551543204376e+03 -1.302879933338216922e+01 -1.787286193076305949e+02 -7.645638321636334667e-02 -1.162670417859967165e+00 1.729694771671260469e+03 3.773864701157667696e+03 -1.588581794668084740e+03 -1.884538043609114766e+02 -3.329024185383906986e-01 -4.435318598447653748e+00 6.804030012867376627e+02 9.402350269200043442e+01 -6.703513226752699339e+00 4.756994564954268753e+03 5.503432491282506112e-02 -6.698884563545689730e+01 -4.268924870065196053e+00 -1.991402634724977361e+01 2.067455817260878348e+01 3.440387425477477450e+02 8.061870703088117125e+02 7.128316896411683590e-02 1.681963206319115756e+01 2.467740910388370779e+01 -2.478230948458804914e-02 -8.489741879224627041e+01 2.243449815908076417e+01 3.748462741425167555e-01 -5.276479596589530274e+01 -1.449520902038227099e+01 4.082672069406943592e+03 9.672237201315699906e+01 5.444615907461124671e+00 4.307349628257211016e-01 8.460537717877882358e+01 6.021076643309925203e+02 3.735296005692581730e+03 -1.850293366190362008e+02 2.087961577789236253e+04 3.847515388913149081e+02 1.057905316566749661e+03 -1.267548224911598851e+02 1.435583137607275572e-01 -1.369189129937786964e+00 8.128286938558961339e+00 -1.517618712593338159e+03 9.499436137300071081e+00 -2.144430526529728098e+00 -9.144576253965554713e+01
1.457212810708929510e+03 4.715315178369755778e+00 -2.287513799008556452e+04 -3.924846596390273135e+01 -6.682489338688196767e+02 -2.729548650235037455e-01 -4.169775019237439651e+00 3.877804305197340454e+03 1.064589516422240376e+04 -4.066710271158221985e+03 -9.291989613138608775e+02 -9.103795731853087103e-01 -1.665778934265605571e+01 1.438040432862782609e+03 3.081394530550938953e+02 -1.913378482924224855e+01 1.245636951493869128e+04 1.697473901290311726e-01 -1.007830640704702461e+02 -1.316282739365072274e+01 -4.542648945771239255e+01 4.552976024857472481e+01 8.061870703088117125e+02 2.362845184032835732e+03 2.713585182492797565e-01 6.339710803232176772e+01 -6.979962156812901242e+01 -3.089651000009106530e-01 -2.487653287544291345e+02 5.103599958662026204e-01 3.518897692572795499e-01 -1.376110775961453783e+02 -5.350946016854657472e+01 1.111583284893820201e+04 1.450727085499684392e+02 1.679017025754147951e+01 9.497096167691099211e-01 2.476687325809015761e+02 8.078593007644253703e+02 1.024538055929164693e+04 -2.058828974096106208e+02 5.868087940409761359e+04 1.038589784586967426e+03 2.539736638442018375e+03 -1.325024864451899589e+02 3.352915354450775043e-01 -1.192927546290161844e+00 2.224880985771741848e+01 -2.163434335352686503e+03 4.029739493382310656e+01 -8.439065054693760004e+00 -1.660422498860248197e+02
2.115578264915149997e-01 3.169357310638113434e-01 -2.333819793264287679e+00 -4.650767337057562512e-03 -1.010800447104577282e-01 -2.091981770127892409e-02 -2.769155905830135711e-01 3.871625534619638764e-01 1.084250188927621039e+00 -3.478975877447950116e-01 -1.661519734238542378e-01 -3.953150464496976019e-02 -1.082366445986720604e+00 6.695850283526133540e-02 -1.499074270505879325e-01 -1.397080456074586063e-03 1.275432663775284636e+00 -1.393090904867452437e-04 3.378095597200716366e-02 6.493252735357652947e-03 -2.570474110039296361e-03 2.125848704387168879e-03 7.128316896411683590e-02 2.713585182492797565e-01 2.147539827679788293e-02 3.997428882772653846e+00 -9.936942220408173307e-03 -4.082917766789205435e-05 7.424619851446868923e-02 -1.372899719548117958e-02 -1.064853050798692392e-04 -1.326165812828325810e-02 -3.359150681247733417e+00 1.143482257868069896e+00 -4.903807151040533163e-02 -8.314297129042778206e-03 1.069310848922071385e-04 -7.430268850444401996e-02 -2.375108014625886693e-02 -2.158414758722951188e+00 4.579046156779344179e-02 7.606589429975347372e+00 7.439248071252223260e-02 1.854244236074113483e-01 3.390552561871110204e-02 2.319108825917117991e-05 4.164748441144234441e-04 1.766725427424432242e-03 2.850289560992950166e-01 4.387037798979340035e-03 -6.887046845893812774e-01 -1.760975255919968938e-02
4.854071590695544103e+01 6.393984423498876879e+01 -5.450804550038981233e+02 -1.076225026530861495e+00 -2.315849424857599459e+01 -3.890039547568794109e+00 -5.629147508656110688e+01 8.903599491773418606e+01 2.547579688377362004e+02 -8.401501699510538401e+01 -3.732196259710279662e+01 -7.354003751791909238e+00 -2.265002895822249798e+02 1.839772251620686205e+01 -3.297634404883447701e+01 -3.527149503182825940e-01 2.976284384276277706e+02 -3.299606738516887294e-02 6.881980536424006090e+00 1.416768415875345521e+00 -6.833728069701283658e-01 5.968007450860254304e-01 1.681963206319115756e+01 6.339710803232176772e+01 3.997428882772653846e+00 8.441914310317529271e+02 -2.672736543994289171e+00 -9.816784419758748867e-03 1.775629857224741315e+01 -2.701702251751631145e+00 -1.984065208850275402e-02 -3.137172914467972973e+00 -7.081446637991948592e+02 2.675939508509358689e+02 -9.998170267094069530e+00 -1.814519826472873021e+00 2.403246270873198379e-02 -1.776881901985156986e+01 -2.353510533708682573e+00 -4.398677365010437939e+02 8.231749874212063389e+00 1.721069175850498368e+03 1.866631750836114989e+01 4.569132185594182261e+01 6.249944919738362081e+00 5.794649396731842497e-03 7.910542401037037874e-02 4.346478505704809425e-01 4.647091549147650369e+01 1.053086384730680169e+00 -1.276990590802892740e+02 -3.927443337459855854e+00
-4.437892411635009893e+01 -2.449553924719547748e-01 1.229591256743650547e+03 1.727459463661113803e+00 1.980769367140182524e+01 1.050037011196242390e-02 2.213609069400111207e-01 1.914536049124778572e+02 -9.429658366049501410e+02 1.624186326685521067e+02 -1.582547111471031087e+01 3.621015615697029816e-02 7.851333586387136965e-01 -3.713267596654752367e+00 -7.185991809033008337e+01 2.653478125820058153e+00 -5.793719017545334964e+02 1.702652589736353139e-01 3.706633653528919581e+01 3.242256638626194842e+00 2.132004277327780972e+00 -2.851041585937316380e+00 2.467740910388370779e+01 -6.979962156812901242e+01 -9.936942220408173307e-03 -2.672736543994289171e+00 9.111009928287398907e+01 2.268450761771472757e-01 -9.885326994064568851e+01 -2.293824297729698358e+01 -2.435713695037462767e-01 7.887306042928970973e-01 2.552560012855555005e+00 -7.590846189256369598e+02 -5.398025563599159682e+01 -4.143430452044227330e+00 7.887516873729985556e-02 9.899776615259402490e+01 2.448083925929105646e+02 -1.115981947608639530e+03 1.014539848721969690e+02 -1.266500560532768986e+03 -1.054105538261802621e+02 -9.709738814505607252e+01 8.077328058020363244e+01 -1.006999276993750421e-02 1.011069103692201265e+00 -2.311463312442781248e+00 6.287303853831483593e+02 -8.563151964973220842e+00 3.268467893030571614e-01 -3.380087247480354762e+01
-1.063114747022712719e-01 -9.617839657442811118e-04 6.050299236601268227e+00 6.239045612768097902e-03 3.854477875903699474e-02 4.807021744743706265e-05 8.607023939681918102e-04 -5.641049258424115503e-02 -3.707505168261525430e+00 8.683416717959996367e-01 -1.378619461310164052e-01 2.279980710022867947e-04 2.880526676004055691e-03 -3.050486650606727412e-01 -2.405976615295861709e-01 8.444202817469171826e-03 -3.046648642781009109e+00 4.535814750541688469e-04 1.522492350100877190e-01 1.085654582342085277e-02 1.333166016607554086e-02 -1.624990178235471636e-02 -2.478230948458804914e-02 -3.089651000009106530e-01 -4.082917766789205435e-05 -9.816784419758748867e-03 2.268450761771472757e-01 1.011194558676856061e-03 -2.567757025709947460e-01 -9.213797959242045477e-02 -1.052678239647313746e-03 1.412191382545935521e-02 9.502775539422487344e-03 -3.276550957210490278e+00 -2.213188952650758934e-01 -1.387437810521662505e-02 7.392700840574696316e-05 2.570973797131282379e-01 2.633233392575407006e-01 -4.308836565427742293e+00 4.353281442208093432e-01 -9.191592728647357546e+00 -3.699434922464367448e-01 -5.945859625815200777e-01 3.338375343219091573e-01 -8.080189553233809233e-05 4.228585578090365490e-03 -7.988076915243612006e-03 2.498667616682787251e+00 -2.155799010347244152e-02 1.219171750383744521e-03 -4.813162793493822034e-02
-2.653358661765577722e+02 1.486834494335396162e+00 -9.558999577688800287e+01 3.483289863743509684e+00 1.338498452974538964e+02 -7.933260248344881083e-02 -1.323675927911216244e+00 -4.625860975398857136e+02 5.137127608044648923e+02 5.054201602861208897e+01 3.587143592298779708e+02 -1.990040404690089915e-01 -4.972244231087080912e+00 4.560298629966769113e+01 8.502544839788956210e+01 -2.596087506258843547e+00 -6.843322754708052003e+01 -5.444016707016189338e-01 -1.078343545224499991e+02 -3.929668969070765350e+00 -3.504409869219596185e+00 6.096223592980503980e+00 -8.489741879224627041e+01 -2.487653287544291345e+02 7.424619851446868923e-02 1.775629857224741315e+01 -9.885326994064568851e+01 -2.567757025709947460e-01 3.474758229368478055e+02 8.094898333021934889e+01 7.964361949327234402e-01 1.258105965902259271e+01 -1.583069228047172494e+01 2.339828361752318244e+02 1.568325826782341608e+02 5.025471750640502222e+00 -1.760624180312525822e-01 -3.474423517952795351e+02 -1.842923624432340546e+02 1.054739650737899183e+03 -3.482995631247626989e+02 -6.114960846904436949e+03 9.638236665799055913e+01 5.085027493042894520e+01 -2.645545366541073236e+02 4.065443315464396974e-03 -3.188363742184428862e+00 1.834598038970898459e+00 -2.369917911408578220e+03 6.029100829853435428e+00 -2.343891957188476649e+00 5.210774736751488234e+01
-6.620611844599990548e+01 -1.134015310775312174e-01 -1.180232834432049231e+03 -1.437266158959097928e-01 3.751401658954250706e+01 8.872717185883519098e-03 9.702681401948212714e-02 1.322075136805454179e+02 6.224241264462015124e+02 -2.062756828039723587e+02 1.340475388978098863e+02 -3.696958552892343208e-02 6.347288569276782200e-01 1.421020258047824143e+02 3.806137922518780670e+01 -1.675093650232334808e+00 6.291099290552868979e+02 -1.352435176983322607e-01 -5.450036421918192531e+01 -2.007182441555237506e+00 -4.550124560168065990e+00 5.735455365045993403e+00 2.243449815908076417e+01 5.103599958662026204e-01 -1.372899719548117958e-02 -2.701702251751631145e+00 -2.293824297729698358e+01 -9.213797959242045477e-02 8.094898333021934889e+01 3.680042627169675029e+01 3.978238812356242327e-01 -2.766300482110048975e+00 1.807807770244952650e+00 6.001917929451732334e+02 7.913913541303844568e+01 2.565445913929096822e+00 1.325264013498887207e-02 -8.095344045064589977e+01 9.762752482612954452e+01 8.335657935685679831e+02 -1.729352101449819656e+02 4.699064404940567670e+02 7.926289799583247486e+01 1.779451398116992209e+02 -1.283208271469443957e+02 2.501373185948930003e-02 -1.558847602383643283e+00 1.665118357941616445e+00 -1.132551533251869387e+03 1.993865524409114576e+00 4.897757346783703780e-01 -2.346314189086224467e+00
