1.392510207909854444e+03 4.741224608780429950e-01 -1.245015238835879063e+04 -3.181458554572556352e+01 -6.494969123533196580e+02 -1.382720547107519904e-01 2.020075895596037753e+03 5.745706567379275839e+03 -2.147266145382445302e+03 -1.143942834116475524e+03 -3.054108921903517171e+01 5.138784564177163929e+02 1.235855505430617427e+02 -7.551621311358148070e+00 6.516991978135867612e+03 7.065107538246896413e-01 5.401628276477756430e+01 -3.904899432340115162e+00 -1.287040413747322454e+01 1.157773743819767454e+01 4.443687473527249949e+02 1.505054149163625652e+03 1.615325955495516830e+00 5.300975008045429604e+01 -4.591149552079642149e+01 -9.712582314158739460e-02 -2.759495328143254937e+02 -5.980559277738907298e+01 -1.222826918941985752e-01 -1.181827668498505943e+02 -2.479164052110388283e+01 6.329773021637867714e+03 -7.307628018628086863e+01 5.703508171146173922e+00 2.744753050169379094e+02 8.649010974571149291e+01 4.746235848645459555e+03 2.444983970421047275e+02 3.569140995606986689e+04 4.810973513859573814e+02 1.106973546803006457e+03 1.838963217083332040e+02 5.448987227869319661e-01 9.066485540923292064e+00 8.235380204957701835e+02 2.919044539260099924e+01 -7.208087850278976916e+00 -8.350309909735159408e+01
4.741224608780429950e-01 6.631932318286927475e-02 -7.497503221048068767e+00 -1.348570978874821802e-02 -2.123800814689254246e-01 -1.979342290961763964e-02 1.166724964880937687e+00 3.504774065449570042e+00 -1.074591186457031222e+00 -2.856222829253369233e-01 -4.302660699433578984e+00 3.003797381479931805e-01 -3.169454062108925108e-01 -4.411580244031237073e-03 3.927914316917527238e+00 -1.020888168378640418e-03 3.852508399955313634e-02 1.122122863738261173e-02 -7.902213355761670069e-03 7.910079076290245370e-03 2.121092504639605636e-01 6.846302319872136222e-01 2.374396803878505158e-01 7.422889455668216563e+00 -4.917614935284161937e-02 -1.662293042875461933e-04 2.438552342417609209e-01 5.534956782442416795e-04 1.937944430489123377e-05 -5.046537601365609638e-02 -3.479037973799878003e+00 3.843938890394056784e+00 -5.162319024306708665e-02 -1.653967272404827105e-02 -2.435545931132662156e-01 3.986657459326940767e-02 -3.796858612017028012e+00 -4.653166178660240321e-02 2.048744260221132052e+01 2.678399821382604906e-01 6.391322304610609351e-01 -3.209919764021933880e-02 -7.894925798499060829e-05 5.247544930242860860e-03 -3.185778221638174146e-01 1.254979759941826645e-02 -1.060592294945740033e+00 -5.454875279882349937e-02
-1.245015238835879063e+04 -7.497503221048068767e+00 2.781530507060257951e+05 4.507424288129414549e+02 5.236530215121905712e+03 2.224821725586948240e+00 -4.477300839275075850e+04 -1.294704546976364654e+05 4.798385074201750103e+04 4.394878075811981034e+03 4.867887335549010572e+02 -1.920730072030670635e+04 -4.227793393232137532e+03 2.115343509453270201e+02 -1.453741345126912056e+05 5.753706583584174084e+00 3.283443377707806121e+03 1.622043115876257957e+02 4.560704166931631676e+02 -4.827296805897341301e+02 -9.384956249394996121e+03 -2.337947706901258425e+04 -2.631825432731755754e+01 -8.351075000642737223e+02 1.273987451494648440e+03 5.588388307690642876e+00 -9.857719847936650126e+01 -1.154141810020864341e+03 -3.640679046092519577e+00 2.069990377297448958e+03 3.936057616286996677e+02 -1.411319913251680555e+05 -4.385168970858950161e+03 -2.377500644035432060e+02 1.111717268919344974e+02 -1.208072234912524254e+04 -1.304642098353471083e+05 8.613697158558274168e+03 -6.147468901498609921e+05 -1.316396627673410512e+04 -3.186295701174576243e+04 5.723199837847555500e+03 1.407675461523088423e+01 -2.392193862689778712e+02 5.904737938114321150e+04 -4.577535630862744824e+02 1.170674423044544739e+02 1.937266239550126556e+03
-3.181458554572556352e+01 -1.348570978874821802e-02 4.507424288129414549e+02 9.123209148291019366e-01 1.420708673956180590e+01 3.927848015787748122e-03 -7.303696551881506593e+01 -2.089598128740724974e+02 7.855095182101219109e+01 2.016287310314647030e+01 8.685219936429281473e-01 -2.584536371388673714e+01 -5.894659921697212646e+00 3.201623572355183911e-01 -2.359190959060736645e+02 -4.853023090814291562e-03 2.364666769673704927e+00 2.110101459550175751e-01 6.276453642986298265e-01 -6.339175078165503185e-01 -1.581006411252351285e+01 -4.492851879627734490e+01 -4.575385877388043337e-02 -1.500133480386209195e+00 1.988217934710629464e+00 6.415636184265295465e-03 4.028864009071519980e+00 -2.326301483210915788e-01 -1.728746337209736451e-03 3.745057043732898272e+00 7.047092376881609610e-01 -2.291643074453052122e+02 -3.146709190071069084e+00 -3.089833026314591224e-01 -3.993932519306432560e+00 -1.194280398575401492e+01 -1.964470463629192523e+02 4.702414107854254510e+00 -1.121412546521232571e+03 -2.015909138472967399e+01 -4.760044660649467829e+01 2.899198222915726042e+00 5.950054024634453959e-03 -3.694711083812939334e-01 4.311234215390814484e+01 -8.820715045994852455e-01 2.038525037164533316e-01 3.036274002864922661e+00
-6.494969123533196580e+02 -2.123800814689254246e-01 5.236530215121905712e+03 1.420708673956180590e+01 3.051230155549465053e+02 6.192950641563281511e-02 -8.429843402518597486e+02 -2.419889584442117666e+03 8.993988006303600287e+02 5.536850116698601596e+02 1.367850142769084520e+01 -1.894755127993504686e+02 -4.795537747994818289e+01 3.040044826307792381e+00 -2.739375774909698066e+03 -3.613715734754107123e-01 -3.719646118770943133e+01 1.434545827167119203e+00 4.840671849091310541e+00 -4.118626505439168639e+00 -1.867015785614217407e+02 -6.655111853731953033e+02 -7.237306472138669289e-01 -2.376716919514969462e+01 1.961616822100070578e+01 3.315711209184495772e-02 1.346555208481164811e+02 3.320187018205738383e+01 7.219529354313179714e-02 5.140260801702310545e+01 1.110521380354775545e+01 -2.665304172282103536e+03 5.014314438909769223e+01 -2.092879393360540963e+00 -1.339727250687702451e+02 -2.755512553302185697e-01 -1.920757131753502790e+03 -1.485383109592438871e+02 -1.557703275464141916e+04 -1.938383099360747224e+02 -4.388604661982191146e+02 -1.094576978752893694e+02 -3.154123036651718115e-01 -3.688834616409196077e+00 -5.923545549651909141e+02 -1.299142343027525470e+01 3.230650079100178207e+00 3.425948845842684420e+01
-1.382720547107519904e-01 -1.979342290961763964e-02 2.224821725586948240e+00 3.927848015787748122e-03 6.192950641563281511e-02 6.283426989632935437e-03 -3.550907196943046684e-01 -1.031778748398861412e+00 3.126278817347623029e-01 8.362695518304061326e-02 1.316073899650810342e+00 -8.852802027167532006e-02 9.364569771630994188e-02 1.245882685492403314e-03 -1.167467424384706742e+00 2.918546860621414789e-04 -1.162597091729112610e-02 -3.323067669152841939e-03 2.296827109423319347e-03 -2.296065282668070286e-03 -6.270331058414105319e-02 -1.986926867968057397e-01 -7.894551890272401284e-02 -2.254771536871732263e+00 1.256622070201178325e-02 4.651297696058098106e-05 -6.910943949570842737e-02 -2.479976379286735673e-05 -5.346097674172218078e-06 1.478100109266061030e-02 1.054544904187069809e+00 -1.136606635220510420e+00 1.557488205176811406e-02 4.897072639793525160e-03 6.902534627769955911e-02 -1.596886045286526057e-02 1.170264697247957786e+00 1.285085707060900154e-02 -6.103781631849064304e+00 -7.606548766182380517e-02 -1.859038537252273027e-01 8.820387021452153267e-03 2.161658105255411894e-05 -1.504097652885281458e-03 8.892643239844812142e-02 -3.538982878009397804e-03 3.533708318932673453e-01 1.746896312634067111e-02
2.020075895596037753e+03 1.166724964880937687e+00 -4.477300839275075850e+04 -7.303696551881506593e+01 -8.429843402518597486e+02 -3.550907196943046684e-01 9.232210657255067417e+03 1.898551435557348668e+04 -8.115443757231827476e+03 -8.096880943025485067e+02 -7.659988133464764815e+01 3.593684573637993708e+03 4.246120889845734609e+02 -2.810603415779539560e+01 2.392956354919318619e+04 8.666777376340820682e-01 -4.286618697734327270e+02 -1.663586177592695137e+01 -7.887058600871780811e+01 8.208231566330707096e+01 1.869756679851366926e+03 3.928003569712830540e+03 4.274611649751983933e+00 1.311876791084127660e+02 1.898603006195827732e+02 -6.270257220997678405e-02 -4.762593198365374860e+02 1.347186408419819372e+02 4.830217327128976668e-01 -3.767254370083741151e+02 -6.170790166464825433e+01 2.191175207002664683e+04 5.712909221545343144e+02 2.435084893030786191e+01 4.740227323184379316e+02 3.486825429807921864e+03 1.845428616296289329e+04 -1.160039692575904837e+03 1.046733721874179173e+05 1.930484053216056054e+03 5.475373502852105958e+03 -7.338800243127120666e+02 -1.742048357642227430e+00 3.466066895149563010e+01 -8.450905433277328484e+03 4.512766970474859107e+01 -1.901582720286246087e+01 -5.334886408674010454e+02
5.745706567379275839e+03 3.504774065449570042e+00 -1.294704546976364654e+05 -2.089598128740724974e+02 -2.419889584442117666e+03 -1.031778748398861412e+00 1.898551435557348668e+04 6.196879649539872480e+04 -2.199258206653833258e+04 -1.904614718487711798e+03 -2.267700554996311837e+02 8.502595657489820951e+03 2.204792767128065407e+03 -1.041158005803966233e+02 6.718508635583761497e+04 -4.430399593487423182e+00 -1.634655762712019623e+03 -8.436700033612083871e+01 -2.078494892159865799e+02 2.214361985831193920e+02 4.040430669719376056e+03 1.070780685353044646e+04 1.213513197380846798e+01 3.891996625774345944e+02 -9.580533649824279792e+02 -3.364954275310374943e+00 5.267126574205251472e+02 5.923968868076881336e+02 1.808649524090718996e+00 -9.229618082827936405e+02 -1.835711690755320831e+02 6.643805635059862107e+04 2.184313055765994704e+03 1.236916302093255808e+02 -5.323169909245423241e+02 4.223830955513148183e+03 6.312425928191873390e+04 -4.264175334920480964e+03 2.801771450215472723e+05 6.312686556836833006e+03 1.453937239055310965e+04 -2.868566180751791308e+03 -7.113768295416529774e+00 1.150521117396743307e+02 -2.876854449552362348e+04 2.393118803800453804e+02 -5.397563316788773591e+01 -6.971791170732365117e+02
-2.147266145382445302e+03 -1.074591186457031222e+00 4.798385074201750103e+04 7.855095182101219109e+01 8.993988006303600287e+02 3.126278817347623029e-01 -8.115443757231827476e+03 -2.199258206653833258e+04 8.446480695140531679e+03 7.423126944367179476e+02 6.928139450746434136e+01 -3.429958797853390479e+03 -6.800937056512397021e+02 3.611806594800140147e+01 -2.520473907243283247e+04 7.703469639736779673e-01 5.657504200985588341e+02 2.622096263117472503e+01 8.057346605477982848e+01 -8.519207367121445884e+01 -1.700668889066347219e+03 -4.081061701246748271e+03 -3.624682513796739780e+00 -1.189672747823756254e+02 1.668233398185374767e+02 7.935310556715359231e-01 4.998423565838992744e+01 -2.000310215484885248e+02 -6.312172374950982823e-01 3.677239100755028289e+02 5.617390580818164381e+01 -2.423826186878605949e+04 -7.555165998985701208e+02 -3.842631285397765595e+01 -4.772925865417470703e+01 -2.323748319814516435e+03 -2.211393139337948742e+04 1.503330178816155012e+03 -1.062400205846040044e+05 -2.279741513950998069e+03 -5.637361465250409310e+03 9.971821095052505370e+02 2.437132941771069650e+00 -4.125838854718204374e+01 1.041198267107452921e+04 -7.517832931975983968e+01 1.609814817591220759e+01 3.694565010495173283e+02
-1.143942834116475524e+03 -2.856222829253369233e-01 4.394878075811981034e+03 2.016287310314647030e+01 5.536850116698601596e+02 8.362695518304061326e-02 -8.096880943025485067e+02 -1.904614718487711798e+03 7.423126944367179476e+02 1.177367669564733205e+03 1.841510901920745624e+01 9.312386197411680655e+01 2.070868288500535925e+01 6.858460855369620246e-01 -2.320833622374146216e+03 -1.204957191093766422e+00 -2.049546449059152167e+02 -1.797660191946930386e+00 -1.775138318886591016e+00 4.549831824767604616e+00 -1.926701877442455668e+02 -9.352031505303593804e+02 -9.843562973654393922e-01 -3.228371810439667655e+01 -1.872675811031900039e+01 -1.359596426679978431e-01 3.717720151854189794e+02 1.250899380663693137e+02 3.057309172839569600e-01 6.329025659804577941e+01 1.495956301912288566e+01 -2.196204171544387009e+03 2.749576193551722554e+02 2.659854450371269330e+00 -3.704601213084561095e+02 2.705525137322440514e+02 -6.586625532614933718e+02 -6.690769117423998296e+02 -2.034108680429151354e+04 -6.728282641443121292e+01 -1.390206922559768543e+02 -4.733002983598106539e+02 -1.279011906331072090e+00 -1.564832616487704442e+00 -3.533215750611891508e+03 -1.489577873941479425e+01 4.408506092243679397e+00 3.772771374044182835e+01
-3.054108921903517171e+01 -4.302660699433578984e+00 4.867887335549010572e+02 8.685219936429281473e-01 1.367850142769084520e+01 1.316073899650810342e+00 -7.659988133464764815e+01 -2.267700554996311837e+02 6.928139450746434136e+01 1.841510901920745624e+01 2.820011231455253551e+02 -1.952308264350983080e+01 2.048614762858320049e+01 2.809521936351999649e-01 -2.552081147895361539e+02 6.511761426821298382e-02 -2.497727669255136007e+00 -7.257645317701403309e-01 5.101723343222339668e-01 -5.105297558944569269e-01 -1.377285814158685717e+01 -4.405686074900872740e+01 -1.608667598910132313e+01 -4.851928148934482579e+02 2.998832729140303854e+00 1.052141751918593028e-02 -1.549624108498459307e+01 -2.837840762480575707e-02 -1.237753642885610272e-03 3.262176468174384336e+00 2.272107899297300548e+02 -2.491837864439001180e+02 3.346727170182129285e+00 1.069667024453959669e+00 1.547724879931454289e+01 -3.092770768376852608e+00 2.491689441883776510e+02 2.969817388813871251e+00 -1.331681870764542509e+03 -1.710346805951977700e+01 -4.123378447116511580e+01 2.041179159177850977e+00 5.013954303057672861e-03 -3.361617381505772606e-01 2.043687373226538995e+01 -7.972036741670330828e-01 7.188232130046770862e+01 3.660594934920095245e+00
5.138784564177163929e+02 3.003797381479931805e-01 -1.920730072030670635e+04 -2.584536371388673714e+01 -1.894755127993504686e+02 -8.852802027167532006e-02 3.593684573637993708e+03 8.502595657489820951e+03 -3.429958797853390479e+03 9.312386197411680655e+01 -1.952308264350983080e+01 1.655024111992481039e+03 2.580852382153769895e+02 -1.409732142431974644e+01 1.017770117991264851e+04 -4.954486408913924000e-01 -3.183137797461271816e+02 -1.062760270778994887e+01 -3.726131963521005730e+01 4.031416385161154636e+01 7.176636951521135188e+02 1.410328454297317194e+03 1.029073383378503737e+00 3.317223832461773725e+01 -3.153234416041671206e+00 -2.710728666745412796e-01 4.149876779848487729e+01 1.322274360468310022e+02 3.894114893169975944e-01 -1.425770275287220272e+02 -1.577527244629431991e+01 9.547279556373889136e+03 4.252225419863884213e+02 1.557886931579332668e+01 -4.193507954075829502e+01 1.484994621051810327e+03 8.882648063404185450e+03 -9.064254017981305651e+02 3.875447674540384469e+04 9.094052886209049120e+02 2.433304521882012523e+03 -6.003891861971952721e+02 -1.498227053556516974e+00 1.634835277792787522e+01 -5.991382710597516052e+03 2.142674681164924877e+01 -4.545090969924450164e+00 -1.915074447334053787e+02
1.235855505430617427e+02 -3.169454062108925108e-01 -4.227793393232137532e+03 -5.894659921697212646e+00 -4.795537747994818289e+01 9.364569771630994188e-02 4.246120889845734609e+02 2.204792767128065407e+03 -6.800937056512397021e+02 2.070868288500535925e+01 2.048614762858320049e+01 2.580852382153769895e+02 1.052880263612892975e+02 -4.093336750854159156e+00 2.141952509206574177e+03 -3.821576822574013765e-01 -8.072413718944754635e+01 -4.048275593317325338e+00 -6.862674025082024620e+00 7.625719061926672815e+00 9.488663428717649140e+01 2.930241758587653749e+02 -1.113199318442058106e+00 -3.552884528841665457e+01 -7.001467815937638761e+01 -2.094605127710509329e-01 8.387008660680035632e+01 3.391484351781571149e+01 9.370918374400537265e-02 -2.398010303103816554e+01 1.660011182220815940e+01 2.244046453235735498e+03 1.080450995654395996e+02 5.940384506677247600e+00 -8.396320205667706205e+01 3.039346236448750815e+01 2.441875570433675421e+03 -2.153219021896248364e+02 7.904904828492503839e+03 2.306379562629158215e+02 4.639025208000411453e+02 -1.495787846269242038e+02 -3.844537917193534549e-01 4.227242313509432137e+00 -1.331366038772861657e+03 9.862468969595578727e+00 4.973695124233143972e+00 -2.183597197618754038e+00
-7.551621311358148070e+00 -4.411580244031237073e-03 2.115343509453270201e+02 3.201623572355183911e-01 3.040044826307792381e+00 1.245882685492403314e-03 -2.810603415779539560e+01 -1.041158005803966233e+02 3.611806594800140147e+01 6.858460855369620246e-01 2.809521936351999649e-01 -1.409732142431974644e+01 -4.093336750854159156e+00 1.896566311130775673e-01 -1.092148541811485671e+02 1.265742267083509037e-02 3.385513702111723866e+00 1.587504525943760347e-01 3.553610966581831621e-01 -3.861880976458332837e-01 -6.127156275554408005e+00 -1.645260142424341510e+01 -1.410077220810774558e-02 -4.820255294287806858e-01 2.345234309244196957e+00 6.663798138388495398e-03 -2.336201917181391696e+00 -1.361628695141714473e+00 -3.889938227798065470e-03 1.408298327503272995e+00 2.286865193535825291e-01 -1.100612689337803403e+02 -4.528335825708539097e+00 -2.328192028732576357e-01 2.343554745645779480e+00 -5.257235075069173647e+00 -1.097407945472607906e+02 9.110372311141306412e+00 -4.243812673323901663e+02 -1.119827183909633561e+01 -2.456934163433928475e+01 6.246317087840895788e+00 1.570713399403345437e-02 -2.036227354065081874e-01 5.953392054966337810e+01 -4.265516310635562025e-01 6.253853487247144904e-02 7.720113175020800744e-01
6.516991978135867612e+03 3.927914316917527238e+00 -1.453741345126912056e+05 -2.359190959060736645e+02 -2.739375774909698066e+03 -1.167467424384706742e+00 2.392956354919318619e+04 6.718508635583761497e+04 -2.520473907243283247e+04 -2.320833622374146216e+03 -2.552081147895361539e+02 1.017770117991264851e+04 2.141952509206574177e+03 -1.092148541811485671e+02 7.612800742239931424e+04 -2.532816424097200425e+00 -1.694994316078800921e+03 -8.225459033931784347e+01 -2.400580245624302620e+02 2.537782900941588480e+02 5.000044462284255133e+03 1.226755853963695154e+04 1.382546348855452578e+01 4.377855432790457826e+02 -5.704269854808540003e+02 -2.695785047227952091e+00 -8.028195149225234672e+01 5.929279427076741058e+02 1.883021288267184401e+00 -1.093859348635280412e+03 -2.063074980049206886e+02 7.356625720973506395e+04 2.263442624360700393e+03 1.205550238336452935e+02 7.360654249018092798e+01 6.708632179342225754e+03 6.752861963137263956e+04 -4.460171074074875833e+03 3.225061707346686744e+05 6.840685729443577657e+03 1.675918203353371064e+04 -2.954505898017949221e+03 -7.250179836987795667e+00 1.242194192266711781e+02 -3.071318713897365524e+04 2.323682159647470087e+02 -6.149805439167752041e+01 -1.069050060151667140e+03
7.065107538246896413e-01 -1.020888168378640418e-03 5.753706583584174084e+00 -4.853023090814291562e-03 -3.613715734754107123e-01 2.918546860621414789e-04 8.666777376340820682e-01 -4.430399593487423182e+00 7.703469639736779673e-01 -1.204957191093766422e+00 6.511761426821298382e-02 -4.954486408913924000e-01 -3.821576822574013765e-01 1.265742267083509037e-02 -2.532816424097200425e+00 4.570931141160851537e-03 5.051474977226263485e-01 1.459809172046589061e-02 1.714981759903754996e-02 -2.324992211819627147e-02 1.452804325613389902e-01 4.038393125683254481e-01 -3.363234815685273767e-03 -1.119596808897155293e-01 3.931840280707181723e-01 9.320549165530076213e-04 -1.246821681003130511e+00 -2.722427296846611222e-01 -6.504519707903687982e-04 -2.332236137524820729e-02 5.294635513604514787e-02 -3.669995691204630539e+00 -6.770529270040290815e-01 -2.144311274394866684e-02 1.244642508725386953e+00 5.303608781339773648e-01 -6.353316482402554755e+00 1.517387390709655115e+00 9.346312721019003789e+00 -6.238956614765810427e-01 -8.053137548254040157e-01 1.069404753044026268e+00 2.726666902651571529e-03 -1.075748429467611629e-02 9.579825265971408044e+00 -2.975527857996845132e-02 1.497544511801944707e-02 -1.684089119115265709e-01
5.401628276477756430e+01 3.852508399955313634e-02 3.283443377707806121e+03 2.364666769673704927e+00 -3.719646118770943133e+01 -1.162597091729112610e-02 -4.286618697734327270e+02 -1.634655762712019623e+03 5.657504200985588341e+02 -2.049546449059152167e+02 -2.497727669255136007e+00 -3.183137797461271816e+02 -8.072413718944754635e+01 3.385513702111723866e+00 -1.694994316078800921e+03 5.051474977226263485e-01 1.177109425915965346e+02 3.537680173541551731e+00 7.671832119013497930e+00 -8.977688754357499690e+00 -8.266957475161690638e+01 -1.119952987075496225e+02 1.445513372102494587e-01 4.523663794418708584e+00 4.321278754401743782e+01 1.588743717542432654e-01 -1.258328487286201351e+02 -5.776057633319032192e+01 -1.520510945290656779e-01 1.596806855612207343e+01 -2.029764507761666614e+00 -1.708720009300837546e+03 -1.575672819066695638e+02 -5.193528638981055323e+00 1.256649471686223620e+02 -2.122512962554647800e+02 -1.978138585034605057e+03 3.461998144598600220e+02 -3.782173886533933000e+03 -1.944082785171558783e+02 -4.457426871950156055e+02 2.380999549902864771e+02 6.148344030197545607e-01 -3.500357474646752731e+00 2.110981394198978251e+03 -5.348597004569827007e+00 -6.571929042393491738e-01 1.291554002271750257e+01
-3.904899432340115162e+00 1.122122863738261173e-02 1.622043115876257957e+02 2.110101459550175751e-01 1.434545827167119203e+00 -3.323067669152841939e-03 -1.663586177592695137e+01 -8.436700033612083871e+01 2.622096263117472503e+01 -1.797660191946930386e+00 -7.257645317701403309e-01 -1.062760270778994887e+01 -4.048275593317325338e+00 1.587504525943760347e-01 -8.225459033931784347e+01 1.459809172046589061e-02 3.537680173541551731e+00 1.825099854032052327e-01 2.782910956548216297e-01 -3.120433771463677619e-01 -3.616022013704696114e+00 -1.047246822950099876e+01 3.960446889742229304e-02 1.259464043317248594e+00 2.644235040391355263e+00 7.908022150073808210e-03 -3.208987980687801223e+00 -1.493349188456284171e+00 -4.058894386246405910e-03 8.997432672953223909e-01 -5.879704954970534914e-01 -8.593093895632468104e+01 -4.734141333883172820e+00 -2.678960139101329019e-01 3.212291535708288848e+00 -2.267641614795907756e+00 -9.431115996376996691e+01 9.355305519194388353e+00 -2.844129351376843147e+02 -8.933442485414250456e+00 -1.821224397175751974e+01 6.461510791494358585e+00 1.652382108874118211e-02 -1.635394343983516685e-01 5.868881515922475955e+01 -3.699612027278769144e-01 -1.770378294552495679e-01 1.265174578764903524e-01
-1.287040413747322454e+01 -7.902213355761670069e-03 4.560704166931631676e+02 6.276453642986298265e-01 4.840671849091310541e+00 2.296827109423319347e-03 -7.887058600871780811e+01 -2.078494892159865799e+02 8.057346605477982848e+01 -1.775138318886591016e+00 5.101723343222339668e-01 -3.726131963521005730e+01 -6.862674025082024620e+00 3.553610966581831621e-01 -2.400580245624302620e+02 1.714981759903754996e-02 7.671832119013497930e+00 2.782910956548216297e-01 8.604658858159264234e-01 -9.337489322602761099e-01 -1.601964388966126052e+01 -3.364030791322456082e+01 -2.646556825109951452e-02 -8.694623757155655053e-01 1.385283530426986154e+00 8.576927767524170770e-03 -2.417156179760807433e+00 -3.189221634078021506e+00 -9.270915050476795718e-03 3.282222623014100282e+00 4.132153359407653159e-01 -2.295022467557731431e+02 -1.025208886770781369e+01 -4.080156934059777640e-01 2.427963513139969276e+00 -2.933235625011019465e+01 -2.182817041180778688e+02 2.160858589450363354e+01 -9.098915548795855557e+02 -2.233743222121680105e+01 -5.670151303937753795e+01 1.443908108845699445e+01 3.610630120960169054e-02 -4.023386428370694934e-01 1.424888188838107794e+02 -6.171468112402299644e-01 1.170337120535735048e-01 3.786649065435384820e+00
1.157773743819767454e+01 7.910079076290245370e-03 -4.827296805897341301e+02 -6.339175078165503185e-01 -4.118626505439168639e+00 -2.296065282668070286e-03 8.208231566330707096e+01 2.214361985831193920e+02 -8.519207367121445884e+01 4.549831824767604616e+00 -5.105297558944569269e-01 4.031416385161154636e+01 7.625719061926672815e+00 -3.861880976458332837e-01 2.537782900941588480e+02 -2.324992211819627147e-02 -8.977688754357499690e+00 -3.120433771463677619e-01 -9.337489322602761099e-01 1.022167965735067519e+00 1.658827736280593967e+01 3.380770903318469323e+01 2.638503689053550011e-02 8.677173296167370875e-01 -1.828945805165334004e+00 -1.020985827701553772e-02 4.011208288605257799e+00 3.858867149737373214e+00 1.100262612321949857e-02 -3.378078372646412308e+00 -4.134330091636937432e-01 2.434991967309184702e+02 1.200048363414493124e+01 4.575806486467924317e-01 -4.019080923780271597e+00 3.153202189088658969e+01 2.359443847173057236e+02 -2.553517622430607403e+01 9.248247155958379153e+02 2.406215032240478280e+01 6.063570163426143012e+01 -1.714371270167569605e+01 -4.311806976100427541e-02 4.332997640407115769e-01 -1.662148249882189361e+02 6.589811606248733300e-01 -1.165386074537625716e-01 -3.867557241706279125e+00
4.443687473527249949e+02 2.121092504639605636e-01 -9.384956249394996121e+03 -1.581006411252351285e+01 -1.867015785614217407e+02 -6.270331058414105319e-02 1.869756679851366926e+03 4.040430669719376056e+03 -1.700668889066347219e+03 -1.926701877442455668e+02 -1.377285814158685717e+01 7.176636951521135188e+02 9.488663428717649140e+01 -6.127156275554408005e+00 5.000044462284255133e+03 1.452804325613389902e-01 -8.266957475161690638e+01 -3.616022013704696114e+00 -1.601964388966126052e+01 1.658827736280593967e+01 3.864269864736374416e+02 8.473446629341062817e+02 7.355340993318943976e-01 2.366460323754991180e+01 2.622276434758403951e+01 -2.371608741050937330e-02 -9.174596235258874799e+01 2.399766237866266749e+01 8.890226428314296214e-02 -7.883692787705973615e+01 -1.114424365202667921e+01 4.626083470262944502e+03 1.101883487844598335e+02 5.293299321253719825e+00 9.123623212324200438e+01 6.395945112067430500e+02 3.930244967223994536e+03 -2.176100642677365045e+02 2.220895707610094905e+04 4.161803939926778639e+02 1.139940848245753614e+03 -1.386700344634859334e+02 -3.245050627333747051e-01 7.448677695672299315e+00 -1.621667069281238810e+03 1.070379923745886153e+01 -3.268542037821858592e+00 -1.026896519592076942e+02
1.505054149163625652e+03 6.846302319872136222e-01 -2.337947706901258425e+04 -4.492851879627734490e+01 -6.655111853731953033e+02 -1.986926867968057397e-01 3.928003569712830540e+03 1.070780685353044646e+04 -4.081061701246748271e+03 -9.352031505303593804e+02 -4.405686074900872740e+01 1.410328454297317194e+03 2.930241758587653749e+02 -1.645260142424341510e+01 1.226755853963695154e+04 4.038393125683254481e-01 -1.119952987075496225e+02 -1.047246822950099876e+01 -3.364030791322456082e+01 3.380770903318469323e+01 8.473446629341062817e+02 2.347150857158555027e+03 2.310224035728860148e+00 7.613796902122898302e+01 -7.106451997941579179e+01 -2.777640573340802721e-01 -2.497943268216326089e+02 4.826191115890644312e+00 7.548603396281849953e-02 -1.933221047210581958e+02 -3.576208987209079027e+01 1.182070501174419769e+04 1.488568155117721403e+02 1.533262189195426650e+01 2.479729369384546942e+02 7.853176412141053788e+02 1.010961821947430144e+04 -2.131780757982060948e+02 5.872335411048222886e+04 1.051658133627934603e+03 2.555584847807806000e+03 -1.262009114402422227e+02 -2.412327339560548234e-01 1.916364248958586458e+01 -2.082616587348286430e+03 4.069905889977601277e+01 -1.028630085551382933e+01 -1.741788368135620431e+02
1.615325955495516830e+00 2.374396803878505158e-01 -2.631825432731755754e+01 -4.575385877388043337e-02 -7.237306472138669289e-01 -7.894551890272401284e-02 4.274611649751983933e+00 1.213513197380846798e+01 -3.624682513796739780e+00 -9.843562973654393922e-01 -1.608667598910132313e+01 1.029073383378503737e+00 -1.113199318442058106e+00 -1.410077220810774558e-02 1.382546348855452578e+01 -3.363234815685273767e-03 1.445513372102494587e-01 3.960446889742229304e-02 -2.646556825109951452e-02 2.638503689053550011e-02 7.355340993318943976e-01 2.310224035728860148e+00 1.028296092703220754e+00 2.740556074432574007e+01 -1.313973216965408919e-01 -5.273866642577168876e-04 7.908591181236442891e-01 -2.833677447801567686e-03 5.471271084143894804e-05 -1.724195326098029724e-01 -1.279648035936464723e+01 1.341048915366877559e+01 -1.935976113468179660e-01 -5.835295772833416078e-02 -7.899079617359503480e-01 2.085236512826125765e-01 -1.447404443628234993e+01 -1.319960693488105574e-01 7.261470398449567654e+01 8.637253787158168938e-01 2.151998481362535021e+00 -9.052889659799014110e-02 -2.209123510789776318e-04 1.724922747161609232e-02 -9.246049265182042509e-01 4.014106091214621891e-02 -4.609451695499553914e+00 -2.182083329863493404e-01
5.300975008045429604e+01 7.422889455668216563e+00 -8.351075000642737223e+02 -1.500133480386209195e+00 -2.376716919514969462e+01 -2.254771536871732263e+00 1.311876791084127660e+02 3.891996625774345944e+02 -1.189672747823756254e+02 -3.228371810439667655e+01 -4.851928148934482579e+02 3.317223832461773725e+01 -3.552884528841665457e+01 -4.820255294287806858e-01 4.377855432790457826e+02 -1.119596808897155293e-01 4.523663794418708584e+00 1.259464043317248594e+00 -8.694623757155655053e-01 8.677173296167370875e-01 2.366460323754991180e+01 7.613796902122898302e+01 2.740556074432574007e+01 8.354624173707204591e+02 -5.187647071555172573e+00 -1.798949408683390289e-02 2.665383354356729129e+01 -5.540245112155813695e-02 1.862729710878442517e-03 -5.618006816652903801e+00 -3.913310000239938518e+02 4.276113865461226169e+02 -6.061203506521972706e+00 -1.856267571354329515e+00 -2.662120640651788506e+01 4.762635662296367478e+00 -4.316744580051127969e+02 -4.513652615365252530e+00 2.293098417570554375e+03 2.935002633900081648e+01 7.059998231711638539e+01 -3.103575569354707131e+00 -7.556541358573908365e-03 5.767768415200764665e-01 -3.162636623077661113e+01 1.375866920454847264e+00 -1.224255868876343101e+02 -6.244210799564887004e+00
-4.591149552079642149e+01 -4.917614935284161937e-02 1.273987451494648440e+03 1.988217934710629464e+00 1.961616822100070578e+01 1.256622070201178325e-02 1.898603006195827732e+02 -9.580533649824279792e+02 1.668233398185374767e+02 -1.872675811031900039e+01 2.998832729140303854e+00 -3.153234416041671206e+00 -7.001467815937638761e+01 2.345234309244196957e+00 -5.704269854808540003e+02 3.931840280707181723e-01 4.321278754401743782e+01 2.644235040391355263e+00 1.385283530426986154e+00 -1.828945805165334004e+00 2.622276434758403951e+01 -7.106451997941579179e+01 -1.313973216965408919e-01 -5.187647071555172573e+00 9.097973113721599248e+01 2.028297869239204798e-01 -1.000434039874503753e+02 -2.029749553155333430e+01 -4.920680488995009261e-02 1.163288492448608880e+00 2.476737825471595489e+00 -8.147814184112895646e+02 -5.800398245824197119e+01 -3.882361016140321031e+00 1.000740585266375859e+02 2.457694083112401700e+02 -1.120482940861094448e+03 1.121424984467831933e+02 -1.331161467545935238e+03 -1.077861292637304587e+02 -9.946526738678598178e+01 8.321376750719004178e+01 2.200498544642665866e-01 -2.049017433262683152e+00 6.400240001947340716e+02 -7.978081523109993967e+00 5.839371554566645806e-01 -3.540321107561670999e+01
-9.712582314158739460e-02 -1.662293042875461933e-04 5.588388307690642876e+00 6.415636184265295465e-03 3.315711209184495772e-02 4.651297696058098106e-05 -6.270257220997678405e-02 -3.364954275310374943e+00 7.935310556715359231e-01 -1.359596426679978431e-01 1.052141751918593028e-02 -2.710728666745412796e-01 -2.094605127710509329e-01 6.663798138388495398e-03 -2.695785047227952091e+00 9.320549165530076213e-04 1.588743717542432654e-01 7.908022150073808210e-03 8.576927767524170770e-03 -1.020985827701553772e-02 -2.371608741050937330e-02 -2.777640573340802721e-01 -5.273866642577168876e-04 -1.798949408683390289e-02 2.028297869239204798e-01 8.115656041418759436e-04 -2.316423204988369289e-01 -7.370947902507918315e-02 -1.964738911665778296e-04 1.792725415689450791e-02 8.572088768319342453e-03 -3.143653307236625061e+00 -2.129357879180057700e-01 -1.161141216941324189e-02 2.316567722446039590e-01 2.382210044198657117e-01 -3.860729355718364619e+00 4.311501978935737278e-01 -8.406796437394554289e+00 -3.393235394411838746e-01 -5.449708133695324586e-01 3.079964561903950071e-01 8.324442323691254612e-04 -6.311743743519174915e-03 2.269879435173339122e+00 -1.830775808708874977e-02 2.339718827691649339e-03 -4.498582416595968414e-02
-2.759495328143254937e+02 2.438552342417609209e-01 -9.857719847936650126e+01 4.028864009071519980e+00 1.346555208481164811e+02 -6.910943949570842737e-02 -4.762593198365374860e+02 5.267126574205251472e+02 4.998423565838992744e+01 3.717720151854189794e+02 -1.549624108498459307e+01 4.149876779848487729e+01 8.387008660680035632e+01 -2.336201917181391696e+00 -8.028195149225234672e+01 -1.246821681003130511e+00 -1.258328487286201351e+02 -3.208987980687801223e+00 -2.417156179760807433e+00 4.011208288605257799e+00 -9.174596235258874799e+01 -2.497943268216326089e+02 7.908591181236442891e-01 2.665383354356729129e+01 -1.000434039874503753e+02 -2.316423204988369289e-01 3.490201717266701280e+02 7.126192430586959858e+01 1.660872415597139939e-01 1.812378214252781206e+01 -1.261534480311368078e+01 2.521244075773078919e+02 1.687297681593235268e+02 4.716658684506075616e+00 -3.483204298273416839e+02 -1.933183613074882032e+02 1.066681773174115051e+03 -3.855520810957331150e+02 -6.044830231516901222e+03 9.998010834994045126e+01 5.271775710056625996e+01 -2.731031618373058336e+02 -7.003997309443998898e-01 1.662285244854148303e+00 -2.401288982602061424e+03 5.467105179190613562e+00 -3.520481479300487937e+00 5.577434192990321549e+01
-5.980559277738907298e+01 5.534956782442416795e-04 -1.154141810020864341e+03 -2.326301483210915788e-01 3.320187018205738383e+01 -2.479976379286735673e-05 1.347186408419819372e+02 5.923968868076881336e+02 -2.000310215484885248e+02 1.250899380663693137e+02 -2.837840762480575707e-02 1.322274360468310022e+02 3.391484351781571149e+01 -1.361628695141714473e+00 5.929279427076741058e+02 -2.722427296846611222e-01 -5.776057633319032192e+01 -1.493349188456284171e+00 -3.189221634078021506e+00 3.858867149737373214e+00 2.399766237866266749e+01 4.826191115890644312e+00 -2.833677447801567686e-03 -5.540245112155813695e-02 -2.029749553155333430e+01 -7.370947902507918315e-02 7.126192430586959858e+01 2.968060430677599015e+01 7.664620639868971463e-02 -3.968210493870194089e+00 -2.001483771967377603e-02 6.079014860796463608e+02 7.734310252351531290e+01 2.193049565845625271e+00 -7.113118902695339330e+01 9.257179708946726748e+01 7.759889273913447596e+02 -1.737054762418081850e+02 6.030538132223788352e+02 7.597272109072235935e+01 1.717741575570852888e+02 -1.199347519382886986e+02 -3.114170829726568002e-01 1.362365215515659811e+00 -1.043249659943420284e+03 1.824823377115835310e+00 1.839125783466062994e-02 -2.988019216101589492e+00
-1.222826918941985752e-01 1.937944430489123377e-05 -3.640679046092519577e+00 -1.728746337209736451e-03 7.219529354313179714e-02 -5.346097674172218078e-06 4.830217327128976668e-01 1.808649524090718996e+00 -6.312172374950982823e-01 3.057309172839569600e-01 -1.237753642885610272e-03 3.894114893169975944e-01 9.370918374400537265e-02 -3.889938227798065470e-03 1.883021288267184401e+00 -6.504519707903687982e-04 -1.520510945290656779e-01 -4.058894386246405910e-03 -9.270915050476795718e-03 1.100262612321949857e-02 8.890226428314296214e-02 7.548603396281849953e-02 5.471271084143894804e-05 1.862729710878442517e-03 -4.920680488995009261e-02 -1.964738911665778296e-04 1.660872415597139939e-01 7.664620639868971463e-02 2.022225376551481076e-04 -1.574492136765688957e-02 -9.941825053535703269e-04 1.891117049935630234e+00 2.035656673241292014e-01 5.959392678230900249e-03 -1.658106732868403210e-01 2.882826990752820340e-01 2.266691610096505993e+00 -4.545785370360675426e-01 3.346959099826615436e+00 2.222099497487490249e-01 5.187609453909741708e-01 -3.129583069139809659e-01 -8.170933928279467849e-04 3.995231556234434510e-03 -2.708518725520811188e+00 5.519007759375495030e-03 -2.264635882008708668e-04 -1.584992918694707459e-02
-1.181827668498505943e+02 -5.046537601365609638e-02 2.069990377297448958e+03 3.745057043732898272e+00 5.140260801702310545e+01 1.478100109266061030e-02 -3.767254370083741151e+02 -9.229618082827936405e+02 3.677239100755028289e+02 6.329025659804577941e+01 3.262176468174384336e+00 -1.425770275287220272e+02 -2.398010303103816554e+01 1.408298327503272995e+00 -1.093859348635280412e+03 -2.332236137524820729e-02 1.596806855612207343e+01 8.997432672953223909e-01 3.282222623014100282e+00 -3.378078372646412308e+00 -7.883692787705973615e+01 -1.933221047210581958e+02 -1.724195326098029724e-01 -5.618006816652903801e+00 1.163288492448608880e+00 1.792725415689450791e-02 1.812378214252781206e+01 -3.968210493870194089e+00 -1.574492136765688957e-02 1.718781806091600473e+01 2.643611562314807983e+00 -1.034789896923855622e+03 -2.127460410332638929e+01 -1.317437369846535811e+00 -1.799458091703864682e+01 -1.057192004925276194e+02 -8.858004871360421930e+02 3.936668635023269758e+01 -4.954306905244025074e+03 -9.198495576269546348e+01 -2.367959800523979368e+02 2.485993927301357331e+01 5.660080744694562932e-02 -1.667387630715315483e+00 3.088254064332708708e+02 -3.095704299648212476e+00 7.667315017366916896e-01 1.877047734986739513e+01
-2.479164052110388283e+01 -3.479037973799878003e+00 3.936057616286996677e+02 7.047092376881609610e-01 1.110521380354775545e+01 1.054544904187069809e+00 -6.170790166464825433e+01 -1.835711690755320831e+02 5.617390580818164381e+01 1.495956301912288566e+01 2.272107899297300548e+02 -1.577527244629431991e+01 1.660011182220815940e+01 2.286865193535825291e-01 -2.063074980049206886e+02 5.294635513604514787e-02 -2.029764507761666614e+00 -5.879704954970534914e-01 4.132153359407653159e-01 -4.134330091636937432e-01 -1.114424365202667921e+01 -3.576208987209079027e+01 -1.279648035936464723e+01 -3.913310000239938518e+02 2.476737825471595489e+00 8.572088768319342453e-03 -1.261534480311368078e+01 -2.001483771967377603e-02 -9.941825053535703269e-04 2.643611562314807983e+00 1.833131444229238127e+02 -2.015915452075886094e+02 2.719758409085166750e+00 8.666031517672815321e-01 1.259985929349590172e+01 -2.357076561698173034e+00 2.007433436963581244e+02 2.388663209941093157e+00 -1.076729408359482477e+03 -1.391197526315250244e+01 -3.342019710533202925e+01 1.643705554050220563e+00 4.035225241886051042e-03 -2.730867445369180579e-01 1.644304635503747747e+01 -6.495321797800438501e-01 5.716077157738546788e+01 2.926449326458417932e+00
6.329773021637867714e+03 3.843938890394056784e+00 -1.411319913251680555e+05 -2.291643074453052122e+02 -2.665304172282103536e+03 -1.136606635220510420e+00 2.191175207002664683e+04 6.643805635059862107e+04 -2.423826186878605949e+04 -2.196204171544387009e+03 -2.491837864439001180e+02 9.547279556373889136e+03 2.244046453235735498e+03 -1.100612689337803403e+02 7.356625720973506395e+04 -3.669995691204630539e+00 -1.708720009300837546e+03 -8.593093895632468104e+01 -2.295022467557731431e+02 2.434991967309184702e+02 4.626083470262944502e+03 1.182070501174419769e+04 1.341048915366877559e+01 4.276113865461226169e+02 -8.147814184112895646e+02 -3.143653307236625061e+00 2.521244075773078919e+02 6.079014860796463608e+02 1.891117049935630234e+00 -1.034789896923855622e+03 -2.015915452075886094e+02 7.195873935297467688e+04 2.282579014011139861e+03 1.259645636013143815e+02 -2.584868740276742187e+02 5.473092349197968360e+03 6.721846059683192289e+04 -4.472267509218105261e+03 3.093828394143254263e+05 6.775864997819786367e+03 1.605824127677877186e+04 -2.987714765703038211e+03 -7.368031604295187442e+00 1.232545949414750766e+02 -3.051180954140212998e+04 2.449273783222347447e+02 -5.965378259456265653e+01 -8.902634611618943836e+02
